1,B,31,15,0
1,B,32,15,0
1,B,33,15,0
1,B,34,15,0
1,B,35,15,0
1,B,36,15,0
2,A,37,15,0
2,A,38,15,0
2,A,39,15,0
2,A,40,15,0
2,A,41,15,0
2,A,42,15,0
3,B,43,15,0
3,B,44,15,0
3,B,45,15,0
3,B,46,15,0
3,B,47,15,0
3,B,48,15,0
4,A,49,15,0
4,A,50,15,0
4,A,51,15,0
4,A,52,15,0
4,A,53,15,0
5,B,54,15,0
5,B,55,15,0
5,B,56,15,0
5,B,57,15,0
5,B,58,15,0
6,B,59,15,0
6,B,60,15,0
6,B,61,15,0
6,B,62,15,0
6,B,63,15,0
6,B,64,15,0
7,A,65,15,0
7,A,66,15,0
7,A,67,15,0
7,A,68,15,0
7,A,69,15,0
7,A,70,15,0
17,B,71,15,0
17,B,72,15,0
17,B,73,15,0
1,B,30,16,0
1,B,31,16,0
1,B,32,16,0
1,B,33,16,0
1,B,34,16,0
1,B,35,16,0
1,B,36,16,0
2,A,37,16,0
2,A,38,16,0
2,A,39,16,0
2,A,40,16,0
2,A,41,16,0
2,A,42,16,0
3,B,43,16,0
3,B,44,16,0
3,B,45,16,0
3,B,46,16,0
3,B,47,16,0
3,B,48,16,0
4,A,49,16,0
4,A,50,16,0
4,A,51,16,0
4,A,52,16,0
4,A,53,16,0
5,B,54,16,0
5,B,55,16,0
5,B,56,16,0
5,B,57,16,0
5,B,58,16,0
6,B,59,16,0
6,B,60,16,0
6,B,61,16,0
6,B,62,16,0
6,B,63,16,0
6,B,64,16,0
7,A,65,16,0
7,A,66,16,0
7,A,67,16,0
7,A,68,16,0
7,A,69,16,0
7,A,70,16,0
17,B,71,16,0
17,B,72,16,0
17,B,73,16,0
17,B,74,16,0
9,B,29,17,0
9,B,30,17,0
1,B,31,17,0
1,B,32,17,0
1,B,33,17,0
1,B,34,17,0
1,B,35,17,0
1,B,36,17,0
2,A,37,17,0
2,A,38,17,0
2,A,39,17,0
2,A,40,17,0
2,A,41,17,0
2,A,42,17,0
3,B,43,17,0
3,B,44,17,0
3,B,45,17,0
3,B,46,17,0
3,B,47,17,0
3,B,48,17,0
4,A,49,17,0
4,A,50,17,0
4,A,51,17,0
4,A,52,17,0
4,A,53,17,0
5,B,54,17,0
5,B,55,17,0
5,B,56,17,0
5,B,57,17,0
5,B,58,17,0
6,B,59,17,0
6,B,60,17,0
6,B,61,17,0
6,B,62,17,0
6,B,63,17,0
6,B,64,17,0
7,A,65,17,0
7,A,66,17,0
7,A,67,17,0
7,A,68,17,0
7,A,69,17,0
7,A,70,17,0
17,B,71,17,0
17,B,72,17,0
17,B,73,17,0
17,B,74,17,0
17,B,75,17,0
9,B,28,18,0
9,B,29,18,0
9,B,30,18,0
9,B,31,18,0
1,B,32,18,0
1,B,33,18,0
1,B,34,18,0
1,B,35,18,0
1,B,36,18,0
2,A,37,18,0
2,A,38,18,0
2,A,39,18,0
2,A,40,18,0
2,A,41,18,0
2,A,42,18,0
3,B,43,18,0
3,B,44,18,0
3,B,45,18,0
3,B,46,18,0
3,B,47,18,0
3,B,48,18,0
4,A,49,18,0
4,A,50,18,0
4,A,51,18,0
4,A,52,18,0
4,A,53,18,0
5,B,54,18,0
5,B,55,18,0
5,B,56,18,0
5,B,57,18,0
5,B,58,18,0
6,B,59,18,0
6,B,60,18,0
6,B,61,18,0
6,B,62,18,0
6,B,63,18,0
6,B,64,18,0
7,A,65,18,0
7,A,66,18,0
7,A,67,18,0
7,A,68,18,0
7,A,69,18,0
7,A,70,18,0
17,B,71,18,0
17,B,72,18,0
17,B,73,18,0
17,B,74,18,0
17,B,75,18,0
17,B,76,18,0
9,B,27,19,0
9,B,28,19,0
9,B,29,19,0
9,B,30,19,0
9,B,31,19,0
10,A,32,19,0
10,A,33,19,0
10,A,34,19,0
10,A,35,19,0
10,A,36,19,0
10,A,37,19,0
2,A,38,19,0
2,A,39,19,0
2,A,40,19,0
2,A,41,19,0
2,A,42,19,0
12,A,43,19,0
12,A,44,19,0
12,A,45,19,0
12,A,46,19,0
12,A,47,19,0
12,A,48,19,0
4,A,49,19,0
4,A,50,19,0
4,A,51,19,0
4,A,52,19,0
4,A,53,19,0
5,B,54,19,0
5,B,55,19,0
5,B,56,19,0
5,B,57,19,0
14,A,58,19,0
14,A,59,19,0
6,B,60,19,0
6,B,61,19,0
6,B,62,19,0
15,B,63,19,0
15,B,64,19,0
15,B,65,19,0
7,A,66,19,0
7,A,67,19,0
7,A,68,19,0
7,A,69,19,0
7,A,70,19,0
17,B,71,19,0
17,B,72,19,0
17,B,73,19,0
17,B,74,19,0
17,B,75,19,0
18,A,76,19,0
18,A,77,19,0
8,B,26,20,0
9,B,27,20,0
9,B,28,20,0
9,B,29,20,0
9,B,30,20,0
9,B,31,20,0
10,A,32,20,0
10,A,33,20,0
10,A,34,20,0
10,A,35,20,0
10,A,36,20,0
10,A,37,20,0
11,A,38,20,0
11,A,39,20,0
11,A,40,20,0
11,A,41,20,0
11,A,42,20,0
12,A,43,20,0
12,A,44,20,0
12,A,45,20,0
12,A,46,20,0
12,A,47,20,0
12,A,48,20,0
12,A,49,20,0
13,B,50,20,0
13,B,51,20,0
13,B,52,20,0
13,B,53,20,0
13,B,54,20,0
5,B,55,20,0
5,B,56,20,0
14,A,57,20,0
14,A,58,20,0
14,A,59,20,0
14,A,60,20,0
14,A,61,20,0
15,B,62,20,0
15,B,63,20,0
15,B,64,20,0
15,B,65,20,0
15,B,66,20,0
16,B,67,20,0
16,B,68,20,0
16,B,69,20,0
16,B,70,20,0
16,B,71,20,0
17,B,72,20,0
17,B,73,20,0
17,B,74,20,0
18,A,75,20,0
18,A,76,20,0
18,A,77,20,0
18,A,78,20,0
8,B,25,21,0
8,B,26,21,0
8,B,27,21,0
9,B,28,21,0
9,B,29,21,0
9,B,30,21,0
9,B,31,21,0
10,A,32,21,0
10,A,33,21,0
10,A,34,21,0
10,A,35,21,0
10,A,36,21,0
10,A,37,21,0
11,A,38,21,0
11,A,39,21,0
11,A,40,21,0
11,A,41,21,0
11,A,42,21,0
12,A,43,21,0
12,A,44,21,0
12,A,45,21,0
12,A,46,21,0
12,A,47,21,0
12,A,48,21,0
12,A,49,21,0
13,B,50,21,0
13,B,51,21,0
13,B,52,21,0
13,B,53,21,0
13,B,54,21,0
13,B,55,21,0
14,A,56,21,0
14,A,57,21,0
14,A,58,21,0
14,A,59,21,0
14,A,60,21,0
14,A,61,21,0
15,B,62,21,0
15,B,63,21,0
15,B,64,21,0
15,B,65,21,0
15,B,66,21,0
16,B,67,21,0
16,B,68,21,0
16,B,69,21,0
16,B,70,21,0
16,B,71,21,0
16,B,72,21,0
18,A,73,21,0
18,A,74,21,0
18,A,75,21,0
18,A,76,21,0
18,A,77,21,0
18,A,78,21,0
18,A,79,21,0
8,B,24,22,0
8,B,25,22,0
8,B,26,22,0
8,B,27,22,0
8,B,28,22,0
9,B,29,22,0
9,B,30,22,0
9,B,31,22,0
10,A,32,22,0
10,A,33,22,0
10,A,34,22,0
10,A,35,22,0
10,A,36,22,0
11,A,37,22,0
11,A,38,22,0
11,A,39,22,0
11,A,40,22,0
11,A,41,22,0
11,A,42,22,0
12,A,43,22,0
12,A,44,22,0
12,A,45,22,0
12,A,46,22,0
12,A,47,22,0
12,A,48,22,0
12,A,49,22,0
13,B,50,22,0
13,B,51,22,0
13,B,52,22,0
13,B,53,22,0
13,B,54,22,0
13,B,55,22,0
14,A,56,22,0
14,A,57,22,0
14,A,58,22,0
14,A,59,22,0
14,A,60,22,0
14,A,61,22,0
15,B,62,22,0
15,B,63,22,0
15,B,64,22,0
15,B,65,22,0
15,B,66,22,0
16,B,67,22,0
16,B,68,22,0
16,B,69,22,0
16,B,70,22,0
16,B,71,22,0
16,B,72,22,0
18,A,73,22,0
18,A,74,22,0
18,A,75,22,0
18,A,76,22,0
18,A,77,22,0
18,A,78,22,0
31,B,79,22,0
31,B,80,22,0
8,B,23,23,0
8,B,24,23,0
8,B,25,23,0
8,B,26,23,0
8,B,27,23,0
8,B,28,23,0
21,B,29,23,0
21,B,30,23,0
21,B,31,23,0
21,B,32,23,0
10,A,33,23,0
10,A,34,23,0
10,A,35,23,0
10,A,36,23,0
11,A,37,23,0
11,A,38,23,0
11,A,39,23,0
11,A,40,23,0
11,A,41,23,0
11,A,42,23,0
12,A,43,23,0
12,A,44,23,0
12,A,45,23,0
12,A,46,23,0
24,A,47,23,0
24,A,48,23,0
24,A,49,23,0
13,B,50,23,0
13,B,51,23,0
13,B,52,23,0
13,B,53,23,0
13,B,54,23,0
13,B,55,23,0
14,A,56,23,0
14,A,57,23,0
14,A,58,23,0
14,A,59,23,0
14,A,60,23,0
27,B,61,23,0
27,B,62,23,0
15,B,63,23,0
15,B,64,23,0
15,B,65,23,0
15,B,66,23,0
16,B,67,23,0
16,B,68,23,0
16,B,69,23,0
16,B,70,23,0
16,B,71,23,0
29,B,72,23,0
29,B,73,23,0
18,A,74,23,0
18,A,75,23,0
18,A,76,23,0
18,A,77,23,0
31,B,78,23,0
31,B,79,23,0
31,B,80,23,0
31,B,81,23,0
19,B,22,24,0
19,B,23,24,0
8,B,24,24,0
8,B,25,24,0
8,B,26,24,0
8,B,27,24,0
8,B,28,24,0
21,B,29,24,0
21,B,30,24,0
21,B,31,24,0
21,B,32,24,0
21,B,33,24,0
22,A,34,24,0
22,A,35,24,0
22,A,36,24,0
22,A,37,24,0
11,A,38,24,0
11,A,39,24,0
11,A,40,24,0
11,A,41,24,0
23,A,42,24,0
23,A,43,24,0
23,A,44,24,0
23,A,45,24,0
24,A,46,24,0
24,A,47,24,0
24,A,48,24,0
24,A,49,24,0
24,A,50,24,0
13,B,51,24,0
13,B,52,24,0
13,B,53,24,0
13,B,54,24,0
13,B,55,24,0
14,A,56,24,0
14,A,57,24,0
14,A,58,24,0
14,A,59,24,0
27,B,60,24,0
27,B,61,24,0
27,B,62,24,0
27,B,63,24,0
15,B,64,24,0
15,B,65,24,0
28,A,66,24,0
28,A,67,24,0
16,B,68,24,0
16,B,69,24,0
16,B,70,24,0
29,B,71,24,0
29,B,72,24,0
29,B,73,24,0
29,B,74,24,0
18,A,75,24,0
18,A,76,24,0
18,A,77,24,0
31,B,78,24,0
31,B,79,24,0
31,B,80,24,0
31,B,81,24,0
31,B,82,24,0
19,B,21,25,0
19,B,22,25,0
19,B,23,25,0
19,B,24,25,0
8,B,25,25,0
8,B,26,25,0
8,B,27,25,0
21,B,28,25,0
21,B,29,25,0
21,B,30,25,0
21,B,31,25,0
21,B,32,25,0
21,B,33,25,0
22,A,34,25,0
22,A,35,25,0
22,A,36,25,0
22,A,37,25,0
22,A,38,25,0
11,A,39,25,0
11,A,40,25,0
23,A,41,25,0
23,A,42,25,0
23,A,43,25,0
23,A,44,25,0
23,A,45,25,0
24,A,46,25,0
24,A,47,25,0
24,A,48,25,0
24,A,49,25,0
24,A,50,25,0
24,A,51,25,0
25,B,52,25,0
25,B,53,25,0
25,B,54,25,0
26,B,55,25,0
26,B,56,25,0
26,B,57,25,0
26,B,58,25,0
27,B,59,25,0
27,B,60,25,0
27,B,61,25,0
27,B,62,25,0
27,B,63,25,0
27,B,64,25,0
28,A,65,25,0
28,A,66,25,0
28,A,67,25,0
28,A,68,25,0
28,A,69,25,0
29,B,70,25,0
29,B,71,25,0
29,B,72,25,0
29,B,73,25,0
29,B,74,25,0
29,B,75,25,0
30,A,76,25,0
30,A,77,25,0
31,B,78,25,0
31,B,79,25,0
31,B,80,25,0
31,B,81,25,0
31,B,82,25,0
31,B,83,25,0
19,B,20,26,0
19,B,21,26,0
19,B,22,26,0
19,B,23,26,0
19,B,24,26,0
20,A,25,26,0
20,A,26,26,0
20,A,27,26,0
21,B,28,26,0
21,B,29,26,0
21,B,30,26,0
21,B,31,26,0
21,B,32,26,0
21,B,33,26,0
22,A,34,26,0
22,A,35,26,0
22,A,36,26,0
22,A,37,26,0
22,A,38,26,0
22,A,39,26,0
23,A,40,26,0
23,A,41,26,0
23,A,42,26,0
23,A,43,26,0
23,A,44,26,0
23,A,45,26,0
24,A,46,26,0
24,A,47,26,0
24,A,48,26,0
24,A,49,26,0
24,A,50,26,0
25,B,51,26,0
25,B,52,26,0
25,B,53,26,0
25,B,54,26,0
26,B,55,26,0
26,B,56,26,0
26,B,57,26,0
26,B,58,26,0
26,B,59,26,0
27,B,60,26,0
27,B,61,26,0
27,B,62,26,0
27,B,63,26,0
27,B,64,26,0
28,A,65,26,0
28,A,66,26,0
28,A,67,26,0
28,A,68,26,0
28,A,69,26,0
29,B,70,26,0
29,B,71,26,0
29,B,72,26,0
29,B,73,26,0
29,B,74,26,0
29,B,75,26,0
30,A,76,26,0
30,A,77,26,0
30,A,78,26,0
31,B,79,26,0
31,B,80,26,0
31,B,81,26,0
31,B,82,26,0
31,B,83,26,0
44,B,84,26,0
19,B,19,27,0
19,B,20,27,0
19,B,21,27,0
19,B,22,27,0
19,B,23,27,0
20,A,24,27,0
20,A,25,27,0
20,A,26,27,0
20,A,27,27,0
20,A,28,27,0
21,B,29,27,0
21,B,30,27,0
21,B,31,27,0
21,B,32,27,0
21,B,33,27,0
22,A,34,27,0
22,A,35,27,0
22,A,36,27,0
22,A,37,27,0
22,A,38,27,0
22,A,39,27,0
23,A,40,27,0
23,A,41,27,0
23,A,42,27,0
23,A,43,27,0
23,A,44,27,0
23,A,45,27,0
24,A,46,27,0
24,A,47,27,0
24,A,48,27,0
24,A,49,27,0
25,B,50,27,0
25,B,51,27,0
25,B,52,27,0
25,B,53,27,0
25,B,54,27,0
26,B,55,27,0
26,B,56,27,0
26,B,57,27,0
26,B,58,27,0
26,B,59,27,0
27,B,60,27,0
27,B,61,27,0
27,B,62,27,0
27,B,63,27,0
27,B,64,27,0
28,A,65,27,0
28,A,66,27,0
28,A,67,27,0
28,A,68,27,0
28,A,69,27,0
28,A,70,27,0
29,B,71,27,0
29,B,72,27,0
29,B,73,27,0
29,B,74,27,0
29,B,75,27,0
30,A,76,27,0
30,A,77,27,0
30,A,78,27,0
30,A,79,27,0
31,B,80,27,0
31,B,81,27,0
31,B,82,27,0
44,B,83,27,0
44,B,84,27,0
44,B,85,27,0
32,B,18,28,0
32,B,19,28,0
19,B,20,28,0
19,B,21,28,0
19,B,22,28,0
20,A,23,28,0
20,A,24,28,0
20,A,25,28,0
20,A,26,28,0
20,A,27,28,0
20,A,28,28,0
34,A,29,28,0
34,A,30,28,0
34,A,31,28,0
34,A,32,28,0
34,A,33,28,0
22,A,34,28,0
22,A,35,28,0
22,A,36,28,0
22,A,37,28,0
22,A,38,28,0
22,A,39,28,0
23,A,40,28,0
23,A,41,28,0
23,A,42,28,0
23,A,43,28,0
23,A,44,28,0
23,A,45,28,0
24,A,46,28,0
24,A,47,28,0
24,A,48,28,0
24,A,49,28,0
25,B,50,28,0
25,B,51,28,0
25,B,52,28,0
25,B,53,28,0
25,B,54,28,0
26,B,55,28,0
26,B,56,28,0
26,B,57,28,0
26,B,58,28,0
26,B,59,28,0
40,A,60,28,0
40,A,61,28,0
40,A,62,28,0
40,A,63,28,0
40,A,64,28,0
28,A,65,28,0
28,A,66,28,0
28,A,67,28,0
28,A,68,28,0
28,A,69,28,0
28,A,70,28,0
42,A,71,28,0
42,A,72,28,0
42,A,73,28,0
42,A,74,28,0
42,A,75,28,0
30,A,76,28,0
30,A,77,28,0
30,A,78,28,0
30,A,79,28,0
30,A,80,28,0
30,A,81,28,0
44,B,82,28,0
44,B,83,28,0
44,B,84,28,0
44,B,85,28,0
44,B,86,28,0
32,B,17,29,0
32,B,18,29,0
32,B,19,29,0
32,B,20,29,0
32,B,21,29,0
20,A,22,29,0
20,A,23,29,0
20,A,24,29,0
20,A,25,29,0
20,A,26,29,0
20,A,27,29,0
20,A,28,29,0
34,A,29,29,0
34,A,30,29,0
34,A,31,29,0
34,A,32,29,0
34,A,33,29,0
34,A,34,29,0
22,A,35,29,0
22,A,36,29,0
22,A,37,29,0
22,A,38,29,0
22,A,39,29,0
36,B,40,29,0
36,B,41,29,0
36,B,42,29,0
23,A,43,29,0
23,A,44,29,0
37,A,45,29,0
37,A,46,29,0
37,A,47,29,0
37,A,48,29,0
37,A,49,29,0
25,B,50,29,0
25,B,51,29,0
25,B,52,29,0
25,B,53,29,0
25,B,54,29,0
26,B,55,29,0
26,B,56,29,0
26,B,57,29,0
26,B,58,29,0
40,A,59,29,0
40,A,60,29,0
40,A,61,29,0
40,A,62,29,0
40,A,63,29,0
40,A,64,29,0
40,A,65,29,0
28,A,66,29,0
28,A,67,29,0
28,A,68,29,0
28,A,69,29,0
28,A,70,29,0
42,A,71,29,0
42,A,72,29,0
42,A,73,29,0
42,A,74,29,0
42,A,75,29,0
30,A,76,29,0
30,A,77,29,0
30,A,78,29,0
30,A,79,29,0
30,A,80,29,0
30,A,81,29,0
44,B,82,29,0
44,B,83,29,0
44,B,84,29,0
44,B,85,29,0
44,B,86,29,0
44,B,87,29,0
32,B,17,30,0
32,B,18,30,0
32,B,19,30,0
32,B,20,30,0
32,B,21,30,0
32,B,22,30,0
20,A,23,30,0
20,A,24,30,0
20,A,25,30,0
20,A,26,30,0
20,A,27,30,0
20,A,28,30,0
34,A,29,30,0
34,A,30,30,0
34,A,31,30,0
34,A,32,30,0
34,A,33,30,0
34,A,34,30,0
35,B,35,30,0
35,B,36,30,0
35,B,37,30,0
35,B,38,30,0
36,B,39,30,0
36,B,40,30,0
36,B,41,30,0
36,B,42,30,0
36,B,43,30,0
37,A,44,30,0
37,A,45,30,0
37,A,46,30,0
37,A,47,30,0
37,A,48,30,0
37,A,49,30,0
25,B,50,30,0
25,B,51,30,0
25,B,52,30,0
38,A,53,30,0
38,A,54,30,0
38,A,55,30,0
39,B,56,30,0
39,B,57,30,0
39,B,58,30,0
40,A,59,30,0
40,A,60,30,0
40,A,61,30,0
40,A,62,30,0
40,A,63,30,0
40,A,64,30,0
40,A,65,30,0
41,A,66,30,0
41,A,67,30,0
41,A,68,30,0
41,A,69,30,0
42,A,70,30,0
42,A,71,30,0
42,A,72,30,0
42,A,73,30,0
42,A,74,30,0
42,A,75,30,0
30,A,76,30,0
30,A,77,30,0
30,A,78,30,0
30,A,79,30,0
30,A,80,30,0
30,A,81,30,0
44,B,82,30,0
44,B,83,30,0
44,B,84,30,0
44,B,85,30,0
44,B,86,30,0
44,B,87,30,0
32,B,17,31,0
32,B,18,31,0
32,B,19,31,0
32,B,20,31,0
32,B,21,31,0
32,B,22,31,0
33,B,23,31,0
33,B,24,31,0
33,B,25,31,0
33,B,26,31,0
33,B,27,31,0
33,B,28,31,0
34,A,29,31,0
34,A,30,31,0
34,A,31,31,0
34,A,32,31,0
34,A,33,31,0
35,B,34,31,0
35,B,35,31,0
35,B,36,31,0
35,B,37,31,0
35,B,38,31,0
36,B,39,31,0
36,B,40,31,0
36,B,41,31,0
36,B,42,31,0
36,B,43,31,0
37,A,44,31,0
37,A,45,31,0
37,A,46,31,0
37,A,47,31,0
37,A,48,31,0
37,A,49,31,0
38,A,50,31,0
38,A,51,31,0
38,A,52,31,0
38,A,53,31,0
38,A,54,31,0
38,A,55,31,0
39,B,56,31,0
39,B,57,31,0
39,B,58,31,0
39,B,59,31,0
40,A,60,31,0
40,A,61,31,0
40,A,62,31,0
40,A,63,31,0
40,A,64,31,0
41,A,65,31,0
41,A,66,31,0
41,A,67,31,0
41,A,68,31,0
41,A,69,31,0
42,A,70,31,0
42,A,71,31,0
42,A,72,31,0
42,A,73,31,0
42,A,74,31,0
42,A,75,31,0
43,B,76,31,0
43,B,77,31,0
43,B,78,31,0
43,B,79,31,0
43,B,80,31,0
43,B,81,31,0
44,B,82,31,0
44,B,83,31,0
44,B,84,31,0
44,B,85,31,0
44,B,86,31,0
59,B,87,31,0
59,B,88,31,0
32,B,17,32,0
32,B,18,32,0
32,B,19,32,0
32,B,20,32,0
32,B,21,32,0
32,B,22,32,0
33,B,23,32,0
33,B,24,32,0
33,B,25,32,0
33,B,26,32,0
33,B,27,32,0
33,B,28,32,0
33,B,29,32,0
34,A,30,32,0
34,A,31,32,0
34,A,32,32,0
35,B,33,32,0
35,B,34,32,0
35,B,35,32,0
35,B,36,32,0
35,B,37,32,0
35,B,38,32,0
36,B,39,32,0
36,B,40,32,0
36,B,41,32,0
36,B,42,32,0
36,B,43,32,0
37,A,44,32,0
37,A,45,32,0
37,A,46,32,0
37,A,47,32,0
37,A,48,32,0
37,A,49,32,0
38,A,50,32,0
38,A,51,32,0
38,A,52,32,0
38,A,53,32,0
38,A,54,32,0
38,A,55,32,0
39,B,56,32,0
39,B,57,32,0
39,B,58,32,0
39,B,59,32,0
39,B,60,32,0
40,A,61,32,0
40,A,62,32,0
40,A,63,32,0
40,A,64,32,0
41,A,65,32,0
41,A,66,32,0
41,A,67,32,0
41,A,68,32,0
41,A,69,32,0
41,A,70,32,0
42,A,71,32,0
42,A,72,32,0
42,A,73,32,0
42,A,74,32,0
43,B,75,32,0
43,B,76,32,0
43,B,77,32,0
43,B,78,32,0
43,B,79,32,0
43,B,80,32,0
43,B,81,32,0
58,A,82,32,0
58,A,83,32,0
58,A,84,32,0
58,A,85,32,0
59,B,86,32,0
59,B,87,32,0
59,B,88,32,0
59,B,89,32,0
45,B,16,33,0
45,B,17,33,0
32,B,18,33,0
32,B,19,33,0
46,B,20,33,0
46,B,21,33,0
46,B,22,33,0
33,B,23,33,0
33,B,24,33,0
33,B,25,33,0
33,B,26,33,0
33,B,27,33,0
33,B,28,33,0
33,B,29,33,0
48,A,30,33,0
48,A,31,33,0
48,A,32,33,0
35,B,33,33,0
35,B,34,33,0
35,B,35,33,0
35,B,36,33,0
35,B,37,33,0
35,B,38,33,0
36,B,39,33,0
36,B,40,33,0
36,B,41,33,0
36,B,42,33,0
50,A,43,33,0
50,A,44,33,0
37,A,45,33,0
37,A,46,33,0
37,A,47,33,0
37,A,48,33,0
37,A,49,33,0
38,A,50,33,0
38,A,51,33,0
38,A,52,33,0
38,A,53,33,0
38,A,54,33,0
38,A,55,33,0
39,B,56,33,0
39,B,57,33,0
39,B,58,33,0
39,B,59,33,0
39,B,60,33,0
54,A,61,33,0
54,A,62,33,0
54,A,63,33,0
54,A,64,33,0
41,A,65,33,0
41,A,66,33,0
41,A,67,33,0
41,A,68,33,0
41,A,69,33,0
41,A,70,33,0
56,A,71,33,0
56,A,72,33,0
56,A,73,33,0
56,A,74,33,0
43,B,75,33,0
43,B,76,33,0
43,B,77,33,0
43,B,78,33,0
43,B,79,33,0
43,B,80,33,0
43,B,81,33,0
58,A,82,33,0
58,A,83,33,0
58,A,84,33,0
58,A,85,33,0
59,B,86,33,0
59,B,87,33,0
59,B,88,33,0
59,B,89,33,0
45,B,15,34,0
45,B,16,34,0
45,B,17,34,0
45,B,18,34,0
46,B,19,34,0
46,B,20,34,0
46,B,21,34,0
46,B,22,34,0
46,B,23,34,0
33,B,24,34,0
33,B,25,34,0
33,B,26,34,0
33,B,27,34,0
33,B,28,34,0
48,A,29,34,0
48,A,30,34,0
48,A,31,34,0
48,A,32,34,0
48,A,33,34,0
35,B,34,34,0
35,B,35,34,0
35,B,36,34,0
35,B,37,34,0
49,A,38,34,0
49,A,39,34,0
36,B,40,34,0
36,B,41,34,0
50,A,42,34,0
50,A,43,34,0
50,A,44,34,0
50,A,45,34,0
51,B,46,34,0
51,B,47,34,0
51,B,48,34,0
51,B,49,34,0
51,B,50,34,0
38,A,51,34,0
38,A,52,34,0
38,A,53,34,0
38,A,54,34,0
38,A,55,34,0
39,B,56,34,0
39,B,57,34,0
39,B,58,34,0
39,B,59,34,0
54,A,60,34,0
54,A,61,34,0
54,A,62,34,0
54,A,63,34,0
54,A,64,34,0
54,A,65,34,0
41,A,66,34,0
41,A,67,34,0
41,A,68,34,0
41,A,69,34,0
56,A,70,34,0
56,A,71,34,0
56,A,72,34,0
56,A,73,34,0
56,A,74,34,0
56,A,75,34,0
43,B,76,34,0
43,B,77,34,0
43,B,78,34,0
43,B,79,34,0
43,B,80,34,0
58,A,81,34,0
58,A,82,34,0
58,A,83,34,0
58,A,84,34,0
58,A,85,34,0
59,B,86,34,0
59,B,87,34,0
59,B,88,34,0
59,B,89,34,0
45,B,15,35,0
45,B,16,35,0
45,B,17,35,0
45,B,18,35,0
46,B,19,35,0
46,B,20,35,0
46,B,21,35,0
46,B,22,35,0
46,B,23,35,0
47,A,24,35,0
47,A,25,35,0
47,A,26,35,0
47,A,27,35,0
47,A,28,35,0
48,A,29,35,0
48,A,30,35,0
48,A,31,35,0
48,A,32,35,0
48,A,33,35,0
48,A,34,35,0
49,A,35,35,0
49,A,36,35,0
49,A,37,35,0
49,A,38,35,0
49,A,39,35,0
49,A,40,35,0
50,A,41,35,0
50,A,42,35,0
50,A,43,35,0
50,A,44,35,0
50,A,45,35,0
51,B,46,35,0
51,B,47,35,0
51,B,48,35,0
51,B,49,35,0
51,B,50,35,0
52,A,51,35,0
52,A,52,35,0
52,A,53,35,0
52,A,54,35,0
52,A,55,35,0
53,A,56,35,0
53,A,57,35,0
53,A,58,35,0
53,A,59,35,0
54,A,60,35,0
54,A,61,35,0
54,A,62,35,0
54,A,63,35,0
54,A,64,35,0
54,A,65,35,0
54,A,66,35,0
41,A,67,35,0
41,A,68,35,0
41,A,69,35,0
56,A,70,35,0
56,A,71,35,0
56,A,72,35,0
56,A,73,35,0
56,A,74,35,0
56,A,75,35,0
57,A,76,35,0
57,A,77,35,0
57,A,78,35,0
57,A,79,35,0
57,A,80,35,0
58,A,81,35,0
58,A,82,35,0
58,A,83,35,0
58,A,84,35,0
58,A,85,35,0
59,B,86,35,0
59,B,87,35,0
59,B,88,35,0
59,B,89,35,0
45,B,15,36,0
45,B,16,36,0
45,B,17,36,0
45,B,18,36,0
46,B,19,36,0
46,B,20,36,0
46,B,21,36,0
46,B,22,36,0
46,B,23,36,0
47,A,24,36,0
47,A,25,36,0
47,A,26,36,0
47,A,27,36,0
47,A,28,36,0
48,A,29,36,0
48,A,30,36,0
48,A,31,36,0
48,A,32,36,0
48,A,33,36,0
48,A,34,36,0
49,A,35,36,0
49,A,36,36,0
49,A,37,36,0
49,A,38,36,0
49,A,39,36,0
49,A,40,36,0
50,A,41,36,0
50,A,42,36,0
50,A,43,36,0
50,A,44,36,0
50,A,45,36,0
51,B,46,36,0
51,B,47,36,0
51,B,48,36,0
51,B,49,36,0
51,B,50,36,0
52,A,51,36,0
52,A,52,36,0
52,A,53,36,0
52,A,54,36,0
52,A,55,36,0
53,A,56,36,0
53,A,57,36,0
53,A,58,36,0
53,A,59,36,0
53,A,60,36,0
54,A,61,36,0
54,A,62,36,0
54,A,63,36,0
54,A,64,36,0
54,A,65,36,0
54,A,66,36,0
55,B,67,36,0
55,B,68,36,0
55,B,69,36,0
56,A,70,36,0
56,A,71,36,0
56,A,72,36,0
56,A,73,36,0
56,A,74,36,0
56,A,75,36,0
57,A,76,36,0
57,A,77,36,0
57,A,78,36,0
57,A,79,36,0
57,A,80,36,0
58,A,81,36,0
58,A,82,36,0
58,A,83,36,0
58,A,84,36,0
58,A,85,36,0
59,B,86,36,0
59,B,87,36,0
59,B,88,36,0
59,B,89,36,0
45,B,15,37,0
45,B,16,37,0
45,B,17,37,0
45,B,18,37,0
46,B,19,37,0
46,B,20,37,0
46,B,21,37,0
46,B,22,37,0
46,B,23,37,0
47,A,24,37,0
47,A,25,37,0
47,A,26,37,0
47,A,27,37,0
47,A,28,37,0
47,A,29,37,0
48,A,30,37,0
48,A,31,37,0
48,A,32,37,0
48,A,33,37,0
48,A,34,37,0
49,A,35,37,0
49,A,36,37,0
49,A,37,37,0
49,A,38,37,0
49,A,39,37,0
49,A,40,37,0
50,A,41,37,0
50,A,42,37,0
50,A,43,37,0
50,A,44,37,0
50,A,45,37,0
51,B,46,37,0
51,B,47,37,0
51,B,48,37,0
51,B,49,37,0
52,A,50,37,0
52,A,51,37,0
52,A,52,37,0
52,A,53,37,0
52,A,54,37,0
52,A,55,37,0
53,A,56,37,0
53,A,57,37,0
53,A,58,37,0
53,A,59,37,0
53,A,60,37,0
53,A,61,37,0
54,A,62,37,0
54,A,63,37,0
54,A,64,37,0
54,A,65,37,0
55,B,66,37,0
55,B,67,37,0
55,B,68,37,0
55,B,69,37,0
55,B,70,37,0
56,A,71,37,0
56,A,72,37,0
56,A,73,37,0
56,A,74,37,0
56,A,75,37,0
57,A,76,37,0
57,A,77,37,0
57,A,78,37,0
57,A,79,37,0
57,A,80,37,0
58,A,81,37,0
58,A,82,37,0
58,A,83,37,0
58,A,84,37,0
58,A,85,37,0
59,B,86,37,0
59,B,87,37,0
59,B,88,37,0
59,B,89,37,0
45,B,15,38,0
45,B,16,38,0
45,B,17,38,0
45,B,18,38,0
61,A,19,38,0
61,A,20,38,0
61,A,21,38,0
61,A,22,38,0
61,A,23,38,0
47,A,24,38,0
47,A,25,38,0
47,A,26,38,0
47,A,27,38,0
47,A,28,38,0
47,A,29,38,0
48,A,30,38,0
48,A,31,38,0
48,A,32,38,0
48,A,33,38,0
48,A,34,38,0
49,A,35,38,0
49,A,36,38,0
49,A,37,38,0
49,A,38,38,0
49,A,39,38,0
49,A,40,38,0
50,A,41,38,0
50,A,42,38,0
50,A,43,38,0
50,A,44,38,0
50,A,45,38,0
51,B,46,38,0
51,B,47,38,0
51,B,48,38,0
51,B,49,38,0
52,A,50,38,0
52,A,51,38,0
52,A,52,38,0
52,A,53,38,0
52,A,54,38,0
52,A,55,38,0
53,A,56,38,0
53,A,57,38,0
53,A,58,38,0
53,A,59,38,0
53,A,60,38,0
53,A,61,38,0
69,B,62,38,0
69,B,63,38,0
69,B,64,38,0
69,B,65,38,0
55,B,66,38,0
55,B,67,38,0
55,B,68,38,0
55,B,69,38,0
55,B,70,38,0
55,B,71,38,0
56,A,72,38,0
56,A,73,38,0
56,A,74,38,0
56,A,75,38,0
57,A,76,38,0
57,A,77,38,0
57,A,78,38,0
57,A,79,38,0
57,A,80,38,0
73,B,81,38,0
73,B,82,38,0
73,B,83,38,0
58,A,84,38,0
58,A,85,38,0
74,B,86,38,0
74,B,87,38,0
74,B,88,38,0
74,B,89,38,0
45,B,15,39,0
45,B,16,39,0
45,B,17,39,0
61,A,18,39,0
61,A,19,39,0
61,A,20,39,0
61,A,21,39,0
61,A,22,39,0
61,A,23,39,0
47,A,24,39,0
47,A,25,39,0
47,A,26,39,0
47,A,27,39,0
47,A,28,39,0
47,A,29,39,0
63,A,30,39,0
63,A,31,39,0
63,A,32,39,0
63,A,33,39,0
63,A,34,39,0
49,A,35,39,0
49,A,36,39,0
49,A,37,39,0
49,A,38,39,0
49,A,39,39,0
65,B,40,39,0
65,B,41,39,0
65,B,42,39,0
50,A,43,39,0
50,A,44,39,0
66,A,45,39,0
66,A,46,39,0
66,A,47,39,0
66,A,48,39,0
66,A,49,39,0
52,A,50,39,0
52,A,51,39,0
52,A,52,39,0
52,A,53,39,0
52,A,54,39,0
52,A,55,39,0
53,A,56,39,0
53,A,57,39,0
53,A,58,39,0
53,A,59,39,0
53,A,60,39,0
69,B,61,39,0
69,B,62,39,0
69,B,63,39,0
69,B,64,39,0
69,B,65,39,0
55,B,66,39,0
55,B,67,39,0
55,B,68,39,0
55,B,69,39,0
55,B,70,39,0
55,B,71,39,0
71,B,72,39,0
71,B,73,39,0
71,B,74,39,0
71,B,75,39,0
57,A,76,39,0
57,A,77,39,0
57,A,78,39,0
57,A,79,39,0
73,B,80,39,0
73,B,81,39,0
73,B,82,39,0
73,B,83,39,0
73,B,84,39,0
74,B,85,39,0
74,B,86,39,0
74,B,87,39,0
74,B,88,39,0
74,B,89,39,0
60,B,15,40,0
60,B,16,40,0
60,B,17,40,0
61,A,18,40,0
61,A,19,40,0
61,A,20,40,0
61,A,21,40,0
61,A,22,40,0
61,A,23,40,0
62,A,24,40,0
62,A,25,40,0
62,A,26,40,0
62,A,27,40,0
62,A,28,40,0
62,A,29,40,0
63,A,30,40,0
63,A,31,40,0
63,A,32,40,0
63,A,33,40,0
63,A,34,40,0
64,A,35,40,0
64,A,36,40,0
64,A,37,40,0
64,A,38,40,0
65,B,39,40,0
65,B,40,40,0
65,B,41,40,0
65,B,42,40,0
65,B,43,40,0
66,A,44,40,0
66,A,45,40,0
66,A,46,40,0
66,A,47,40,0
66,A,48,40,0
66,A,49,40,0
67,A,50,40,0
67,A,51,40,0
67,A,52,40,0
67,A,53,40,0
52,A,54,40,0
68,A,55,40,0
68,A,56,40,0
68,A,57,40,0
68,A,58,40,0
68,A,59,40,0
68,A,60,40,0
69,B,61,40,0
69,B,62,40,0
69,B,63,40,0
69,B,64,40,0
69,B,65,40,0
69,B,66,40,0
55,B,67,40,0
55,B,68,40,0
55,B,69,40,0
55,B,70,40,0
71,B,71,40,0
71,B,72,40,0
71,B,73,40,0
71,B,74,40,0
71,B,75,40,0
71,B,76,40,0
57,A,77,40,0
57,A,78,40,0
57,A,79,40,0
73,B,80,40,0
73,B,81,40,0
73,B,82,40,0
73,B,83,40,0
73,B,84,40,0
74,B,85,40,0
74,B,86,40,0
74,B,87,40,0
74,B,88,40,0
74,B,89,40,0
60,B,15,41,0
60,B,16,41,0
60,B,17,41,0
60,B,18,41,0
61,A,19,41,0
61,A,20,41,0
61,A,21,41,0
61,A,22,41,0
61,A,23,41,0
62,A,24,41,0
62,A,25,41,0
62,A,26,41,0
62,A,27,41,0
62,A,28,41,0
62,A,29,41,0
63,A,30,41,0
63,A,31,41,0
63,A,32,41,0
63,A,33,41,0
63,A,34,41,0
64,A,35,41,0
64,A,36,41,0
64,A,37,41,0
64,A,38,41,0
65,B,39,41,0
65,B,40,41,0
65,B,41,41,0
65,B,42,41,0
65,B,43,41,0
66,A,44,41,0
66,A,45,41,0
66,A,46,41,0
66,A,47,41,0
66,A,48,41,0
66,A,49,41,0
67,A,50,41,0
67,A,51,41,0
67,A,52,41,0
67,A,53,41,0
67,A,54,41,0
68,A,55,41,0
68,A,56,41,0
68,A,57,41,0
68,A,58,41,0
68,A,59,41,0
68,A,60,41,0
69,B,61,41,0
69,B,62,41,0
69,B,63,41,0
69,B,64,41,0
69,B,65,41,0
69,B,66,41,0
70,A,67,41,0
70,A,68,41,0
70,A,69,41,0
70,A,70,41,0
70,A,71,41,0
71,B,72,41,0
71,B,73,41,0
71,B,74,41,0
71,B,75,41,0
71,B,76,41,0
72,A,77,41,0
72,A,78,41,0
72,A,79,41,0
73,B,80,41,0
73,B,81,41,0
73,B,82,41,0
73,B,83,41,0
73,B,84,41,0
74,B,85,41,0
74,B,86,41,0
74,B,87,41,0
74,B,88,41,0
74,B,89,41,0
60,B,15,42,0
60,B,16,42,0
60,B,17,42,0
60,B,18,42,0
60,B,19,42,0
61,A,20,42,0
61,A,21,42,0
61,A,22,42,0
61,A,23,42,0
62,A,24,42,0
62,A,25,42,0
62,A,26,42,0
62,A,27,42,0
62,A,28,42,0
62,A,29,42,0
63,A,30,42,0
63,A,31,42,0
63,A,32,42,0
63,A,33,42,0
63,A,34,42,0
64,A,35,42,0
64,A,36,42,0
64,A,37,42,0
64,A,38,42,0
64,A,39,42,0
65,B,40,42,0
65,B,41,42,0
65,B,42,42,0
65,B,43,42,0
66,A,44,42,0
66,A,45,42,0
66,A,46,42,0
66,A,47,42,0
66,A,48,42,0
66,A,49,42,0
67,A,50,42,0
67,A,51,42,0
67,A,52,42,0
67,A,53,42,0
67,A,54,42,0
68,A,55,42,0
68,A,56,42,0
68,A,57,42,0
68,A,58,42,0
68,A,59,42,0
68,A,60,42,0
69,B,61,42,0
69,B,62,42,0
69,B,63,42,0
69,B,64,42,0
69,B,65,42,0
70,A,66,42,0
70,A,67,42,0
70,A,68,42,0
70,A,69,42,0
70,A,70,42,0
70,A,71,42,0
71,B,72,42,0
71,B,73,42,0
71,B,74,42,0
71,B,75,42,0
72,A,76,42,0
72,A,77,42,0
72,A,78,42,0
72,A,79,42,0
72,A,80,42,0
73,B,81,42,0
73,B,82,42,0
73,B,83,42,0
73,B,84,42,0
74,B,85,42,0
74,B,86,42,0
74,B,87,42,0
74,B,88,42,0
74,B,89,42,0
60,B,15,43,0
60,B,16,43,0
60,B,17,43,0
60,B,18,43,0
60,B,19,43,0
61,A,20,43,0
61,A,21,43,0
61,A,22,43,0
61,A,23,43,0
62,A,24,43,0
62,A,25,43,0
62,A,26,43,0
62,A,27,43,0
62,A,28,43,0
62,A,29,43,0
63,A,30,43,0
63,A,31,43,0
63,A,32,43,0
63,A,33,43,0
63,A,34,43,0
64,A,35,43,0
64,A,36,43,0
64,A,37,43,0
64,A,38,43,0
64,A,39,43,0
64,A,40,43,0
65,B,41,43,0
65,B,42,43,0
65,B,43,43,0
66,A,44,43,0
66,A,45,43,0
66,A,46,43,0
66,A,47,43,0
66,A,48,43,0
66,A,49,43,0
67,A,50,43,0
67,A,51,43,0
67,A,52,43,0
67,A,53,43,0
67,A,54,43,0
68,A,55,43,0
68,A,56,43,0
68,A,57,43,0
68,A,58,43,0
68,A,59,43,0
68,A,60,43,0
84,A,61,43,0
84,A,62,43,0
84,A,63,43,0
84,A,64,43,0
84,A,65,43,0
70,A,66,43,0
70,A,67,43,0
70,A,68,43,0
70,A,69,43,0
70,A,70,43,0
70,A,71,43,0
71,B,72,43,0
71,B,73,43,0
71,B,74,43,0
72,A,75,43,0
72,A,76,43,0
72,A,77,43,0
72,A,78,43,0
72,A,79,43,0
72,A,80,43,0
88,A,81,43,0
88,A,82,43,0
88,A,83,43,0
88,A,84,43,0
88,A,85,43,0
74,B,86,43,0
74,B,87,43,0
74,B,88,43,0
74,B,89,43,0
60,B,15,44,0
60,B,16,44,0
60,B,17,44,0
60,B,18,44,0
60,B,19,44,0
76,A,20,44,0
76,A,21,44,0
76,A,22,44,0
76,A,23,44,0
62,A,24,44,0
62,A,25,44,0
62,A,26,44,0
62,A,27,44,0
62,A,28,44,0
62,A,29,44,0
63,A,30,44,0
63,A,31,44,0
63,A,32,44,0
63,A,33,44,0
63,A,34,44,0
64,A,35,44,0
64,A,36,44,0
64,A,37,44,0
64,A,38,44,0
64,A,39,44,0
64,A,40,44,0
80,A,41,44,0
80,A,42,44,0
80,A,43,44,0
80,A,44,44,0
81,A,45,44,0
81,A,46,44,0
81,A,47,44,0
81,A,48,44,0
81,A,49,44,0
67,A,50,44,0
67,A,51,44,0
67,A,52,44,0
67,A,53,44,0
67,A,54,44,0
68,A,55,44,0
68,A,56,44,0
68,A,57,44,0
68,A,58,44,0
68,A,59,44,0
84,A,60,44,0
84,A,61,44,0
84,A,62,44,0
84,A,63,44,0
84,A,64,44,0
84,A,65,44,0
70,A,66,44,0
70,A,67,44,0
70,A,68,44,0
70,A,69,44,0
70,A,70,44,0
70,A,71,44,0
70,A,72,44,0
86,B,73,44,0
86,B,74,44,0
72,A,75,44,0
72,A,76,44,0
72,A,77,44,0
72,A,78,44,0
72,A,79,44,0
72,A,80,44,0
88,A,81,44,0
88,A,82,44,0
88,A,83,44,0
88,A,84,44,0
88,A,85,44,0
88,A,86,44,0
89,B,87,44,0
89,B,88,44,0
89,B,89,44,0
60,B,15,45,0
60,B,16,45,0
60,B,17,45,0
60,B,18,45,0
76,A,19,45,0
76,A,20,45,0
76,A,21,45,0
76,A,22,45,0
76,A,23,45,0
76,A,24,45,0
77,B,25,45,0
77,B,26,45,0
77,B,27,45,0
77,B,28,45,0
77,B,29,45,0
78,A,30,45,0
78,A,31,45,0
78,A,32,45,0
78,A,33,45,0
78,A,34,45,0
64,A,35,45,0
64,A,36,45,0
64,A,37,45,0
64,A,38,45,0
64,A,39,45,0
80,A,40,45,0
80,A,41,45,0
80,A,42,45,0
80,A,43,45,0
80,A,44,45,0
81,A,45,45,0
81,A,46,45,0
81,A,47,45,0
81,A,48,45,0
81,A,49,45,0
81,A,50,45,0
67,A,51,45,0
67,A,52,45,0
67,A,53,45,0
67,A,54,45,0
83,A,55,45,0
83,A,56,45,0
83,A,57,45,0
83,A,58,45,0
83,A,59,45,0
84,A,60,45,0
84,A,61,45,0
84,A,62,45,0
84,A,63,45,0
84,A,64,45,0
84,A,65,45,0
70,A,66,45,0
70,A,67,45,0
70,A,68,45,0
70,A,69,45,0
70,A,70,45,0
70,A,71,45,0
86,B,72,45,0
86,B,73,45,0
86,B,74,45,0
86,B,75,45,0
72,A,76,45,0
72,A,77,45,0
72,A,78,45,0
72,A,79,45,0
72,A,80,45,0
88,A,81,45,0
88,A,82,45,0
88,A,83,45,0
88,A,84,45,0
88,A,85,45,0
89,B,86,45,0
89,B,87,45,0
89,B,88,45,0
89,B,89,45,0
75,B,15,46,0
75,B,16,46,0
75,B,17,46,0
75,B,18,46,0
76,A,19,46,0
76,A,20,46,0
76,A,21,46,0
76,A,22,46,0
76,A,23,46,0
76,A,24,46,0
77,B,25,46,0
77,B,26,46,0
77,B,27,46,0
77,B,28,46,0
77,B,29,46,0
78,A,30,46,0
78,A,31,46,0
78,A,32,46,0
78,A,33,46,0
78,A,34,46,0
79,A,35,46,0
79,A,36,46,0
79,A,37,46,0
79,A,38,46,0
79,A,39,46,0
80,A,40,46,0
80,A,41,46,0
80,A,42,46,0
80,A,43,46,0
80,A,44,46,0
81,A,45,46,0
81,A,46,46,0
81,A,47,46,0
81,A,48,46,0
81,A,49,46,0
81,A,50,46,0
82,B,51,46,0
82,B,52,46,0
82,B,53,46,0
82,B,54,46,0
83,A,55,46,0
83,A,56,46,0
83,A,57,46,0
83,A,58,46,0
83,A,59,46,0
83,A,60,46,0
84,A,61,46,0
84,A,62,46,0
84,A,63,46,0
84,A,64,46,0
84,A,65,46,0
85,A,66,46,0
85,A,67,46,0
85,A,68,46,0
85,A,69,46,0
85,A,70,46,0
86,B,71,46,0
86,B,72,46,0
86,B,73,46,0
86,B,74,46,0
86,B,75,46,0
87,A,76,46,0
87,A,77,46,0
87,A,78,46,0
87,A,79,46,0
87,A,80,46,0
88,A,81,46,0
88,A,82,46,0
88,A,83,46,0
88,A,84,46,0
88,A,85,46,0
89,B,86,46,0
89,B,87,46,0
89,B,88,46,0
89,B,89,46,0
75,B,15,47,0
75,B,16,47,0
75,B,17,47,0
75,B,18,47,0
75,B,19,47,0
76,A,20,47,0
76,A,21,47,0
76,A,22,47,0
76,A,23,47,0
76,A,24,47,0
77,B,25,47,0
77,B,26,47,0
77,B,27,47,0
77,B,28,47,0
77,B,29,47,0
78,A,30,47,0
78,A,31,47,0
78,A,32,47,0
78,A,33,47,0
78,A,34,47,0
79,A,35,47,0
79,A,36,47,0
79,A,37,47,0
79,A,38,47,0
79,A,39,47,0
80,A,40,47,0
80,A,41,47,0
80,A,42,47,0
80,A,43,47,0
80,A,44,47,0
81,A,45,47,0
81,A,46,47,0
81,A,47,47,0
81,A,48,47,0
81,A,49,47,0
82,B,50,47,0
82,B,51,47,0
82,B,52,47,0
82,B,53,47,0
82,B,54,47,0
83,A,55,47,0
83,A,56,47,0
83,A,57,47,0
83,A,58,47,0
83,A,59,47,0
83,A,60,47,0
84,A,61,47,0
84,A,62,47,0
84,A,63,47,0
84,A,64,47,0
85,A,65,47,0
85,A,66,47,0
85,A,67,47,0
85,A,68,47,0
85,A,69,47,0
85,A,70,47,0
86,B,71,47,0
86,B,72,47,0
86,B,73,47,0
86,B,74,47,0
86,B,75,47,0
87,A,76,47,0
87,A,77,47,0
87,A,78,47,0
87,A,79,47,0
87,A,80,47,0
88,A,81,47,0
88,A,82,47,0
88,A,83,47,0
88,A,84,47,0
89,B,85,47,0
89,B,86,47,0
89,B,87,47,0
89,B,88,47,0
89,B,89,47,0
75,B,15,48,0
75,B,16,48,0
75,B,17,48,0
75,B,18,48,0
75,B,19,48,0
76,A,20,48,0
76,A,21,48,0
76,A,22,48,0
76,A,23,48,0
76,A,24,48,0
77,B,25,48,0
77,B,26,48,0
77,B,27,48,0
77,B,28,48,0
77,B,29,48,0
78,A,30,48,0
78,A,31,48,0
78,A,32,48,0
78,A,33,48,0
78,A,34,48,0
79,A,35,48,0
79,A,36,48,0
79,A,37,48,0
79,A,38,48,0
79,A,39,48,0
79,A,40,48,0
80,A,41,48,0
80,A,42,48,0
80,A,43,48,0
80,A,44,48,0
80,A,45,48,0
81,A,46,48,0
81,A,47,48,0
81,A,48,48,0
82,B,49,48,0
82,B,50,48,0
82,B,51,48,0
82,B,52,48,0
82,B,53,48,0
82,B,54,48,0
83,A,55,48,0
83,A,56,48,0
83,A,57,48,0
83,A,58,48,0
83,A,59,48,0
83,A,60,48,0
99,B,61,48,0
99,B,62,48,0
99,B,63,48,0
99,B,64,48,0
85,A,65,48,0
85,A,66,48,0
85,A,67,48,0
85,A,68,48,0
85,A,69,48,0
85,A,70,48,0
86,B,71,48,0
86,B,72,48,0
86,B,73,48,0
86,B,74,48,0
87,A,75,48,0
87,A,76,48,0
87,A,77,48,0
87,A,78,48,0
87,A,79,48,0
87,A,80,48,0
88,A,81,48,0
88,A,82,48,0
88,A,83,48,0
88,A,84,48,0
89,B,85,48,0
89,B,86,48,0
89,B,87,48,0
89,B,88,48,0
89,B,89,48,0
75,B,15,49,0
75,B,16,49,0
75,B,17,49,0
75,B,18,49,0
75,B,19,49,0
76,A,20,49,0
76,A,21,49,0
76,A,22,49,0
76,A,23,49,0
76,A,24,49,0
77,B,25,49,0
77,B,26,49,0
77,B,27,49,0
77,B,28,49,0
77,B,29,49,0
78,A,30,49,0
78,A,31,49,0
78,A,32,49,0
78,A,33,49,0
78,A,34,49,0
79,A,35,49,0
79,A,36,49,0
79,A,37,49,0
79,A,38,49,0
79,A,39,49,0
79,A,40,49,0
80,A,41,49,0
80,A,42,49,0
80,A,43,49,0
80,A,44,49,0
96,A,45,49,0
96,A,46,49,0
96,A,47,49,0
96,A,48,49,0
82,B,49,49,0
82,B,50,49,0
82,B,51,49,0
82,B,52,49,0
82,B,53,49,0
82,B,54,49,0
98,A,55,49,0
98,A,56,49,0
83,A,57,49,0
83,A,58,49,0
83,A,59,49,0
99,B,60,49,0
99,B,61,49,0
99,B,62,49,0
99,B,63,49,0
99,B,64,49,0
99,B,65,49,0
85,A,66,49,0
85,A,67,49,0
85,A,68,49,0
85,A,69,49,0
85,A,70,49,0
86,B,71,49,0
86,B,72,49,0
86,B,73,49,0
87,A,74,49,0
87,A,75,49,0
87,A,76,49,0
87,A,77,49,0
87,A,78,49,0
87,A,79,49,0
87,A,80,49,0
103,B,81,49,0
103,B,82,49,0
103,B,83,49,0
103,B,84,49,0
103,B,85,49,0
89,B,86,49,0
89,B,87,49,0
89,B,88,49,0
89,B,89,49,0
75,B,15,50,0
75,B,16,50,0
75,B,17,50,0
75,B,18,50,0
75,B,19,50,0
91,B,20,50,0
91,B,21,50,0
91,B,22,50,0
91,B,23,50,0
92,A,24,50,0
92,A,25,50,0
92,A,26,50,0
92,A,27,50,0
77,B,28,50,0
77,B,29,50,0
93,A,30,50,0
93,A,31,50,0
93,A,32,50,0
78,A,33,50,0
78,A,34,50,0
79,A,35,50,0
79,A,36,50,0
79,A,37,50,0
79,A,38,50,0
79,A,39,50,0
95,A,40,50,0
95,A,41,50,0
95,A,42,50,0
95,A,43,50,0
96,A,44,50,0
96,A,45,50,0
96,A,46,50,0
96,A,47,50,0
96,A,48,50,0
96,A,49,50,0
82,B,50,50,0
82,B,51,50,0
82,B,52,50,0
82,B,53,50,0
98,A,54,50,0
98,A,55,50,0
98,A,56,50,0
98,A,57,50,0
98,A,58,50,0
98,A,59,50,0
99,B,60,50,0
99,B,61,50,0
99,B,62,50,0
99,B,63,50,0
99,B,64,50,0
99,B,65,50,0
85,A,66,50,0
85,A,67,50,0
85,A,68,50,0
85,A,69,50,0
85,A,70,50,0
101,B,71,50,0
101,B,72,50,0
101,B,73,50,0
87,A,74,50,0
87,A,75,50,0
87,A,76,50,0
87,A,77,50,0
87,A,78,50,0
87,A,79,50,0
103,B,80,50,0
103,B,81,50,0
103,B,82,50,0
103,B,83,50,0
103,B,84,50,0
103,B,85,50,0
104,B,86,50,0
104,B,87,50,0
104,B,88,50,0
104,B,89,50,0
75,B,15,51,0
75,B,16,51,0
75,B,17,51,0
75,B,18,51,0
91,B,19,51,0
91,B,20,51,0
91,B,21,51,0
91,B,22,51,0
91,B,23,51,0
92,A,24,51,0
92,A,25,51,0
92,A,26,51,0
92,A,27,51,0
92,A,28,51,0
93,A,29,51,0
93,A,30,51,0
93,A,31,51,0
93,A,32,51,0
93,A,33,51,0
94,B,34,51,0
94,B,35,51,0
94,B,36,51,0
94,B,37,51,0
94,B,38,51,0
95,A,39,51,0
95,A,40,51,0
95,A,41,51,0
95,A,42,51,0
95,A,43,51,0
96,A,44,51,0
96,A,45,51,0
96,A,46,51,0
96,A,47,51,0
96,A,48,51,0
96,A,49,51,0
97,A,50,51,0
97,A,51,51,0
97,A,52,51,0
97,A,53,51,0
98,A,54,51,0
98,A,55,51,0
98,A,56,51,0
98,A,57,51,0
98,A,58,51,0
98,A,59,51,0
98,A,60,51,0
99,B,61,51,0
99,B,62,51,0
99,B,63,51,0
99,B,64,51,0
99,B,65,51,0
100,B,66,51,0
100,B,67,51,0
100,B,68,51,0
100,B,69,51,0
101,B,70,51,0
101,B,71,51,0
101,B,72,51,0
101,B,73,51,0
101,B,74,51,0
87,A,75,51,0
102,B,76,51,0
102,B,77,51,0
102,B,78,51,0
102,B,79,51,0
103,B,80,51,0
103,B,81,51,0
103,B,82,51,0
103,B,83,51,0
103,B,84,51,0
104,B,85,51,0
104,B,86,51,0
104,B,87,51,0
104,B,88,51,0
104,B,89,51,0
90,B,15,52,0
90,B,16,52,0
90,B,17,52,0
90,B,18,52,0
91,B,19,52,0
91,B,20,52,0
91,B,21,52,0
91,B,22,52,0
91,B,23,52,0
92,A,24,52,0
92,A,25,52,0
92,A,26,52,0
92,A,27,52,0
92,A,28,52,0
93,A,29,52,0
93,A,30,52,0
93,A,31,52,0
93,A,32,52,0
93,A,33,52,0
94,B,34,52,0
94,B,35,52,0
94,B,36,52,0
94,B,37,52,0
94,B,38,52,0
95,A,39,52,0
95,A,40,52,0
95,A,41,52,0
95,A,42,52,0
95,A,43,52,0
96,A,44,52,0
96,A,45,52,0
96,A,46,52,0
96,A,47,52,0
96,A,48,52,0
96,A,49,52,0
97,A,50,52,0
97,A,51,52,0
97,A,52,52,0
97,A,53,52,0
97,A,54,52,0
98,A,55,52,0
98,A,56,52,0
98,A,57,52,0
98,A,58,52,0
98,A,59,52,0
98,A,60,52,0
99,B,61,52,0
99,B,62,52,0
99,B,63,52,0
99,B,64,52,0
100,B,65,52,0
100,B,66,52,0
100,B,67,52,0
100,B,68,52,0
100,B,69,52,0
101,B,70,52,0
101,B,71,52,0
101,B,72,52,0
101,B,73,52,0
101,B,74,52,0
102,B,75,52,0
102,B,76,52,0
102,B,77,52,0
102,B,78,52,0
102,B,79,52,0
103,B,80,52,0
103,B,81,52,0
103,B,82,52,0
103,B,83,52,0
103,B,84,52,0
104,B,85,52,0
104,B,86,52,0
104,B,87,52,0
104,B,88,52,0
104,B,89,52,0
90,B,15,53,0
90,B,16,53,0
90,B,17,53,0
90,B,18,53,0
91,B,19,53,0
91,B,20,53,0
91,B,21,53,0
91,B,22,53,0
91,B,23,53,0
92,A,24,53,0
92,A,25,53,0
92,A,26,53,0
92,A,27,53,0
92,A,28,53,0
93,A,29,53,0
93,A,30,53,0
93,A,31,53,0
93,A,32,53,0
93,A,33,53,0
94,B,34,53,0
94,B,35,53,0
94,B,36,53,0
94,B,37,53,0
94,B,38,53,0
95,A,39,53,0
95,A,40,53,0
95,A,41,53,0
95,A,42,53,0
95,A,43,53,0
96,A,44,53,0
96,A,45,53,0
96,A,46,53,0
96,A,47,53,0
96,A,48,53,0
96,A,49,53,0
97,A,50,53,0
97,A,51,53,0
97,A,52,53,0
97,A,53,53,0
97,A,54,53,0
97,A,55,53,0
98,A,56,53,0
98,A,57,53,0
98,A,58,53,0
98,A,59,53,0
98,A,60,53,0
114,A,61,53,0
114,A,62,53,0
114,A,63,53,0
114,A,64,53,0
100,B,65,53,0
100,B,66,53,0
100,B,67,53,0
100,B,68,53,0
100,B,69,53,0
101,B,70,53,0
101,B,71,53,0
101,B,72,53,0
101,B,73,53,0
101,B,74,53,0
102,B,75,53,0
102,B,76,53,0
102,B,77,53,0
102,B,78,53,0
102,B,79,53,0
102,B,80,53,0
103,B,81,53,0
103,B,82,53,0
103,B,83,53,0
118,B,84,53,0
104,B,85,53,0
104,B,86,53,0
104,B,87,53,0
104,B,88,53,0
104,B,89,53,0
90,B,15,54,0
90,B,16,54,0
90,B,17,54,0
90,B,18,54,0
90,B,19,54,0
91,B,20,54,0
91,B,21,54,0
91,B,22,54,0
91,B,23,54,0
92,A,24,54,0
92,A,25,54,0
92,A,26,54,0
92,A,27,54,0
92,A,28,54,0
93,A,29,54,0
93,A,30,54,0
93,A,31,54,0
93,A,32,54,0
93,A,33,54,0
94,B,34,54,0
94,B,35,54,0
94,B,36,54,0
94,B,37,54,0
94,B,38,54,0
95,A,39,54,0
95,A,40,54,0
95,A,41,54,0
95,A,42,54,0
95,A,43,54,0
110,B,44,54,0
110,B,45,54,0
96,A,46,54,0
96,A,47,54,0
111,B,48,54,0
111,B,49,54,0
111,B,50,54,0
97,A,51,54,0
97,A,52,54,0
97,A,53,54,0
97,A,54,54,0
97,A,55,54,0
113,B,56,54,0
113,B,57,54,0
113,B,58,54,0
113,B,59,54,0
114,A,60,54,0
114,A,61,54,0
114,A,62,54,0
114,A,63,54,0
114,A,64,54,0
100,B,65,54,0
100,B,66,54,0
100,B,67,54,0
100,B,68,54,0
100,B,69,54,0
101,B,70,54,0
101,B,71,54,0
101,B,72,54,0
101,B,73,54,0
101,B,74,54,0
102,B,75,54,0
102,B,76,54,0
102,B,77,54,0
102,B,78,54,0
102,B,79,54,0
102,B,80,54,0
118,B,81,54,0
118,B,82,54,0
118,B,83,54,0
118,B,84,54,0
118,B,85,54,0
104,B,86,54,0
104,B,87,54,0
104,B,88,54,0
104,B,89,54,0
90,B,15,55,0
90,B,16,55,0
90,B,17,55,0
90,B,18,55,0
90,B,19,55,0
106,A,20,55,0
106,A,21,55,0
106,A,22,55,0
106,A,23,55,0
106,A,24,55,0
92,A,25,55,0
92,A,26,55,0
92,A,27,55,0
92,A,28,55,0
93,A,29,55,0
93,A,30,55,0
93,A,31,55,0
93,A,32,55,0
108,A,33,55,0
108,A,34,55,0
94,B,35,55,0
94,B,36,55,0
94,B,37,55,0
109,B,38,55,0
109,B,39,55,0
109,B,40,55,0
95,A,41,55,0
95,A,42,55,0
110,B,43,55,0
110,B,44,55,0
110,B,45,55,0
110,B,46,55,0
111,B,47,55,0
111,B,48,55,0
111,B,49,55,0
111,B,50,55,0
111,B,51,55,0
97,A,52,55,0
97,A,53,55,0
97,A,54,55,0
113,B,55,55,0
113,B,56,55,0
113,B,57,55,0
113,B,58,55,0
113,B,59,55,0
114,A,60,55,0
114,A,61,55,0
114,A,62,55,0
114,A,63,55,0
114,A,64,55,0
114,A,65,55,0
100,B,66,55,0
100,B,67,55,0
100,B,68,55,0
100,B,69,55,0
101,B,70,55,0
101,B,71,55,0
116,B,72,55,0
116,B,73,55,0
116,B,74,55,0
116,B,75,55,0
102,B,76,55,0
102,B,77,55,0
102,B,78,55,0
102,B,79,55,0
102,B,80,55,0
118,B,81,55,0
118,B,82,55,0
118,B,83,55,0
118,B,84,55,0
118,B,85,55,0
118,B,86,55,0
104,B,87,55,0
104,B,88,55,0
104,B,89,55,0
90,B,15,56,0
90,B,16,56,0
90,B,17,56,0
90,B,18,56,0
106,A,19,56,0
106,A,20,56,0
106,A,21,56,0
106,A,22,56,0
106,A,23,56,0
106,A,24,56,0
106,A,25,56,0
107,A,26,56,0
107,A,27,56,0
107,A,28,56,0
107,A,29,56,0
93,A,30,56,0
93,A,31,56,0
108,A,32,56,0
108,A,33,56,0
108,A,34,56,0
108,A,35,56,0
108,A,36,56,0
109,B,37,56,0
109,B,38,56,0
109,B,39,56,0
109,B,40,56,0
109,B,41,56,0
110,B,42,56,0
110,B,43,56,0
110,B,44,56,0
110,B,45,56,0
110,B,46,56,0
111,B,47,56,0
111,B,48,56,0
111,B,49,56,0
111,B,50,56,0
111,B,51,56,0
97,A,52,56,0
97,A,53,56,0
97,A,54,56,0
113,B,55,56,0
113,B,56,56,0
113,B,57,56,0
113,B,58,56,0
113,B,59,56,0
114,A,60,56,0
114,A,61,56,0
114,A,62,56,0
114,A,63,56,0
114,A,64,56,0
114,A,65,56,0
115,B,66,56,0
115,B,67,56,0
115,B,68,56,0
115,B,69,56,0
115,B,70,56,0
116,B,71,56,0
116,B,72,56,0
116,B,73,56,0
116,B,74,56,0
116,B,75,56,0
117,A,76,56,0
117,A,77,56,0
117,A,78,56,0
117,A,79,56,0
117,A,80,56,0
118,B,81,56,0
118,B,82,56,0
118,B,83,56,0
118,B,84,56,0
118,B,85,56,0
118,B,86,56,0
119,B,87,56,0
119,B,88,56,0
119,B,89,56,0
105,A,15,57,0
105,A,16,57,0
105,A,17,57,0
105,A,18,57,0
106,A,19,57,0
106,A,20,57,0
106,A,21,57,0
106,A,22,57,0
106,A,23,57,0
106,A,24,57,0
106,A,25,57,0
107,A,26,57,0
107,A,27,57,0
107,A,28,57,0
107,A,29,57,0
107,A,30,57,0
108,A,31,57,0
108,A,32,57,0
108,A,33,57,0
108,A,34,57,0
108,A,35,57,0
108,A,36,57,0
109,B,37,57,0
109,B,38,57,0
109,B,39,57,0
109,B,40,57,0
109,B,41,57,0
110,B,42,57,0
110,B,43,57,0
110,B,44,57,0
110,B,45,57,0
110,B,46,57,0
111,B,47,57,0
111,B,48,57,0
111,B,49,57,0
111,B,50,57,0
111,B,51,57,0
112,B,52,57,0
112,B,53,57,0
112,B,54,57,0
113,B,55,57,0
113,B,56,57,0
113,B,57,57,0
113,B,58,57,0
113,B,59,57,0
114,A,60,57,0
114,A,61,57,0
114,A,62,57,0
114,A,63,57,0
114,A,64,57,0
114,A,65,57,0
115,B,66,57,0
115,B,67,57,0
115,B,68,57,0
115,B,69,57,0
115,B,70,57,0
116,B,71,57,0
116,B,72,57,0
116,B,73,57,0
116,B,74,57,0
116,B,75,57,0
117,A,76,57,0
117,A,77,57,0
117,A,78,57,0
117,A,79,57,0
117,A,80,57,0
117,A,81,57,0
118,B,82,57,0
118,B,83,57,0
118,B,84,57,0
118,B,85,57,0
119,B,86,57,0
119,B,87,57,0
119,B,88,57,0
119,B,89,57,0
105,A,15,58,0
105,A,16,58,0
105,A,17,58,0
105,A,18,58,0
105,A,19,58,0
106,A,20,58,0
106,A,21,58,0
106,A,22,58,0
106,A,23,58,0
106,A,24,58,0
107,A,25,58,0
107,A,26,58,0
107,A,27,58,0
107,A,28,58,0
107,A,29,58,0
107,A,30,58,0
108,A,31,58,0
108,A,32,58,0
108,A,33,58,0
108,A,34,58,0
108,A,35,58,0
108,A,36,58,0
109,B,37,58,0
109,B,38,58,0
109,B,39,58,0
109,B,40,58,0
109,B,41,58,0
110,B,42,58,0
110,B,43,58,0
110,B,44,58,0
110,B,45,58,0
110,B,46,58,0
111,B,47,58,0
111,B,48,58,0
111,B,49,58,0
111,B,50,58,0
112,B,51,58,0
112,B,52,58,0
112,B,53,58,0
112,B,54,58,0
112,B,55,58,0
113,B,56,58,0
113,B,57,58,0
113,B,58,58,0
128,A,59,58,0
128,A,60,58,0
114,A,61,58,0
114,A,62,58,0
114,A,63,58,0
114,A,64,58,0
114,A,65,58,0
115,B,66,58,0
115,B,67,58,0
115,B,68,58,0
115,B,69,58,0
115,B,70,58,0
116,B,71,58,0
116,B,72,58,0
116,B,73,58,0
116,B,74,58,0
116,B,75,58,0
117,A,76,58,0
117,A,77,58,0
117,A,78,58,0
117,A,79,58,0
117,A,80,58,0
117,A,81,58,0
118,B,82,58,0
118,B,83,58,0
118,B,84,58,0
119,B,85,58,0
119,B,86,58,0
119,B,87,58,0
119,B,88,58,0
119,B,89,58,0
105,A,15,59,0
105,A,16,59,0
105,A,17,59,0
105,A,18,59,0
105,A,19,59,0
105,A,20,59,0
106,A,21,59,0
106,A,22,59,0
106,A,23,59,0
106,A,24,59,0
107,A,25,59,0
107,A,26,59,0
107,A,27,59,0
107,A,28,59,0
107,A,29,59,0
107,A,30,59,0
108,A,31,59,0
108,A,32,59,0
108,A,33,59,0
108,A,34,59,0
108,A,35,59,0
108,A,36,59,0
109,B,37,59,0
109,B,38,59,0
109,B,39,59,0
109,B,40,59,0
125,A,41,59,0
125,A,42,59,0
110,B,43,59,0
110,B,44,59,0
110,B,45,59,0
126,A,46,59,0
126,A,47,59,0
126,A,48,59,0
126,A,49,59,0
126,A,50,59,0
112,B,51,59,0
112,B,52,59,0
112,B,53,59,0
112,B,54,59,0
112,B,55,59,0
128,A,56,59,0
128,A,57,59,0
128,A,58,59,0
128,A,59,59,0
128,A,60,59,0
128,A,61,59,0
130,B,62,59,0
130,B,63,59,0
130,B,64,59,0
130,B,65,59,0
115,B,66,59,0
115,B,67,59,0
115,B,68,59,0
115,B,69,59,0
115,B,70,59,0
116,B,71,59,0
116,B,72,59,0
116,B,73,59,0
116,B,74,59,0
116,B,75,59,0
117,A,76,59,0
117,A,77,59,0
117,A,78,59,0
117,A,79,59,0
117,A,80,59,0
117,A,81,59,0
133,B,82,59,0
133,B,83,59,0
133,B,84,59,0
119,B,85,59,0
119,B,86,59,0
119,B,87,59,0
119,B,88,59,0
119,B,89,59,0
105,A,15,60,0
105,A,16,60,0
105,A,17,60,0
105,A,18,60,0
105,A,19,60,0
105,A,20,60,0
121,B,21,60,0
121,B,22,60,0
121,B,23,60,0
121,B,24,60,0
107,A,25,60,0
107,A,26,60,0
107,A,27,60,0
107,A,28,60,0
107,A,29,60,0
123,B,30,60,0
123,B,31,60,0
123,B,32,60,0
108,A,33,60,0
108,A,34,60,0
108,A,35,60,0
124,B,36,60,0
124,B,37,60,0
124,B,38,60,0
109,B,39,60,0
125,A,40,60,0
125,A,41,60,0
125,A,42,60,0
125,A,43,60,0
125,A,44,60,0
126,A,45,60,0
126,A,46,60,0
126,A,47,60,0
126,A,48,60,0
126,A,49,60,0
126,A,50,60,0
112,B,51,60,0
112,B,52,60,0
112,B,53,60,0
112,B,54,60,0
112,B,55,60,0
128,A,56,60,0
128,A,57,60,0
128,A,58,60,0
128,A,59,60,0
128,A,60,60,0
128,A,61,60,0
130,B,62,60,0
130,B,63,60,0
130,B,64,60,0
130,B,65,60,0
130,B,66,60,0
115,B,67,60,0
115,B,68,60,0
115,B,69,60,0
115,B,70,60,0
131,B,71,60,0
131,B,72,60,0
131,B,73,60,0
131,B,74,60,0
132,B,75,60,0
132,B,76,60,0
132,B,77,60,0
132,B,78,60,0
117,A,79,60,0
117,A,80,60,0
133,B,81,60,0
133,B,82,60,0
133,B,83,60,0
133,B,84,60,0
119,B,85,60,0
119,B,86,60,0
119,B,87,60,0
119,B,88,60,0
119,B,89,60,0
105,A,15,61,0
105,A,16,61,0
105,A,17,61,0
105,A,18,61,0
105,A,19,61,0
121,B,20,61,0
121,B,21,61,0
121,B,22,61,0
121,B,23,61,0
121,B,24,61,0
121,B,25,61,0
107,A,26,61,0
107,A,27,61,0
107,A,28,61,0
123,B,29,61,0
123,B,30,61,0
123,B,31,61,0
123,B,32,61,0
123,B,33,61,0
123,B,34,61,0
124,B,35,61,0
124,B,36,61,0
124,B,37,61,0
124,B,38,61,0
124,B,39,61,0
125,A,40,61,0
125,A,41,61,0
125,A,42,61,0
125,A,43,61,0
125,A,44,61,0
126,A,45,61,0
126,A,46,61,0
126,A,47,61,0
126,A,48,61,0
126,A,49,61,0
126,A,50,61,0
112,B,51,61,0
112,B,52,61,0
112,B,53,61,0
112,B,54,61,0
112,B,55,61,0
128,A,56,61,0
128,A,57,61,0
128,A,58,61,0
128,A,59,61,0
128,A,60,61,0
128,A,61,61,0
130,B,62,61,0
130,B,63,61,0
130,B,64,61,0
130,B,65,61,0
130,B,66,61,0
115,B,67,61,0
115,B,68,61,0
115,B,69,61,0
131,B,70,61,0
131,B,71,61,0
131,B,72,61,0
131,B,73,61,0
131,B,74,61,0
132,B,75,61,0
132,B,76,61,0
132,B,77,61,0
132,B,78,61,0
132,B,79,61,0
133,B,80,61,0
133,B,81,61,0
133,B,82,61,0
133,B,83,61,0
133,B,84,61,0
133,B,85,61,0
119,B,86,61,0
119,B,87,61,0
119,B,88,61,0
119,B,89,61,0
120,B,15,62,0
120,B,16,62,0
120,B,17,62,0
120,B,18,62,0
120,B,19,62,0
121,B,20,62,0
121,B,21,62,0
121,B,22,62,0
121,B,23,62,0
121,B,24,62,0
121,B,25,62,0
122,A,26,62,0
122,A,27,62,0
122,A,28,62,0
123,B,29,62,0
123,B,30,62,0
123,B,31,62,0
123,B,32,62,0
123,B,33,62,0
123,B,34,62,0
124,B,35,62,0
124,B,36,62,0
124,B,37,62,0
124,B,38,62,0
124,B,39,62,0
125,A,40,62,0
125,A,41,62,0
125,A,42,62,0
125,A,43,62,0
125,A,44,62,0
126,A,45,62,0
126,A,46,62,0
126,A,47,62,0
126,A,48,62,0
126,A,49,62,0
126,A,50,62,0
127,A,51,62,0
127,A,52,62,0
127,A,53,62,0
127,A,54,62,0
127,A,55,62,0
128,A,56,62,0
128,A,57,62,0
128,A,58,62,0
128,A,59,62,0
128,A,60,62,0
129,B,61,62,0
129,B,62,62,0
130,B,63,62,0
130,B,64,62,0
130,B,65,62,0
130,B,66,62,0
145,A,67,62,0
145,A,68,62,0
145,A,69,62,0
131,B,70,62,0
131,B,71,62,0
131,B,72,62,0
131,B,73,62,0
131,B,74,62,0
132,B,75,62,0
132,B,76,62,0
132,B,77,62,0
132,B,78,62,0
132,B,79,62,0
133,B,80,62,0
133,B,81,62,0
133,B,82,62,0
133,B,83,62,0
133,B,84,62,0
133,B,85,62,0
134,A,86,62,0
134,A,87,62,0
134,A,88,62,0
134,A,89,62,0
120,B,15,63,0
120,B,16,63,0
120,B,17,63,0
120,B,18,63,0
120,B,19,63,0
121,B,20,63,0
121,B,21,63,0
121,B,22,63,0
121,B,23,63,0
121,B,24,63,0
122,A,25,63,0
122,A,26,63,0
122,A,27,63,0
122,A,28,63,0
122,A,29,63,0
123,B,30,63,0
123,B,31,63,0
123,B,32,63,0
123,B,33,63,0
123,B,34,63,0
124,B,35,63,0
124,B,36,63,0
124,B,37,63,0
124,B,38,63,0
124,B,39,63,0
125,A,40,63,0
125,A,41,63,0
125,A,42,63,0
125,A,43,63,0
125,A,44,63,0
126,A,45,63,0
126,A,46,63,0
126,A,47,63,0
126,A,48,63,0
126,A,49,63,0
126,A,50,63,0
127,A,51,63,0
127,A,52,63,0
127,A,53,63,0
127,A,54,63,0
127,A,55,63,0
127,A,56,63,0
128,A,57,63,0
128,A,58,63,0
128,A,59,63,0
129,B,60,63,0
129,B,61,63,0
129,B,62,63,0
129,B,63,63,0
130,B,64,63,0
130,B,65,63,0
145,A,66,63,0
145,A,67,63,0
145,A,68,63,0
145,A,69,63,0
131,B,70,63,0
131,B,71,63,0
131,B,72,63,0
131,B,73,63,0
131,B,74,63,0
132,B,75,63,0
132,B,76,63,0
132,B,77,63,0
132,B,78,63,0
132,B,79,63,0
133,B,80,63,0
133,B,81,63,0
133,B,82,63,0
133,B,83,63,0
133,B,84,63,0
134,A,85,63,0
134,A,86,63,0
134,A,87,63,0
134,A,88,63,0
134,A,89,63,0
120,B,15,64,0
120,B,16,64,0
120,B,17,64,0
120,B,18,64,0
120,B,19,64,0
120,B,20,64,0
121,B,21,64,0
121,B,22,64,0
121,B,23,64,0
122,A,24,64,0
122,A,25,64,0
122,A,26,64,0
122,A,27,64,0
122,A,28,64,0
122,A,29,64,0
122,A,30,64,0
123,B,31,64,0
123,B,32,64,0
123,B,33,64,0
123,B,34,64,0
124,B,35,64,0
124,B,36,64,0
124,B,37,64,0
124,B,38,64,0
124,B,39,64,0
125,A,40,64,0
125,A,41,64,0
125,A,42,64,0
125,A,43,64,0
125,A,44,64,0
141,B,45,64,0
141,B,46,64,0
141,B,47,64,0
141,B,48,64,0
141,B,49,64,0
141,B,50,64,0
127,A,51,64,0
127,A,52,64,0
127,A,53,64,0
127,A,54,64,0
127,A,55,64,0
127,A,56,64,0
143,A,57,64,0
143,A,58,64,0
143,A,59,64,0
129,B,60,64,0
129,B,61,64,0
129,B,62,64,0
129,B,63,64,0
129,B,64,64,0
145,A,65,64,0
145,A,66,64,0
145,A,67,64,0
145,A,68,64,0
145,A,69,64,0
145,A,70,64,0
131,B,71,64,0
131,B,72,64,0
131,B,73,64,0
131,B,74,64,0
132,B,75,64,0
132,B,76,64,0
132,B,77,64,0
132,B,78,64,0
132,B,79,64,0
133,B,80,64,0
133,B,81,64,0
133,B,82,64,0
133,B,83,64,0
134,A,84,64,0
134,A,85,64,0
134,A,86,64,0
134,A,87,64,0
134,A,88,64,0
134,A,89,64,0
120,B,15,65,0
120,B,16,65,0
120,B,17,65,0
120,B,18,65,0
120,B,19,65,0
136,B,20,65,0
136,B,21,65,0
136,B,22,65,0
136,B,23,65,0
122,A,24,65,0
122,A,25,65,0
122,A,26,65,0
122,A,27,65,0
122,A,28,65,0
122,A,29,65,0
122,A,30,65,0
138,A,31,65,0
138,A,32,65,0
138,A,33,65,0
138,A,34,65,0
138,A,35,65,0
124,B,36,65,0
124,B,37,65,0
124,B,38,65,0
124,B,39,65,0
140,A,40,65,0
140,A,41,65,0
140,A,42,65,0
140,A,43,65,0
140,A,44,65,0
141,B,45,65,0
141,B,46,65,0
141,B,47,65,0
141,B,48,65,0
141,B,49,65,0
141,B,50,65,0
127,A,51,65,0
127,A,52,65,0
127,A,53,65,0
127,A,54,65,0
127,A,55,65,0
127,A,56,65,0
143,A,57,65,0
143,A,58,65,0
143,A,59,65,0
129,B,60,65,0
129,B,61,65,0
129,B,62,65,0
129,B,63,65,0
129,B,64,65,0
145,A,65,65,0
145,A,66,65,0
145,A,67,65,0
145,A,68,65,0
145,A,69,65,0
145,A,70,65,0
146,B,71,65,0
146,B,72,65,0
146,B,73,65,0
146,B,74,65,0
147,B,75,65,0
147,B,76,65,0
147,B,77,65,0
147,B,78,65,0
147,B,79,65,0
148,A,80,65,0
148,A,81,65,0
148,A,82,65,0
148,A,83,65,0
134,A,84,65,0
134,A,85,65,0
134,A,86,65,0
134,A,87,65,0
134,A,88,65,0
134,A,89,65,0
120,B,15,66,0
120,B,16,66,0
120,B,17,66,0
120,B,18,66,0
136,B,19,66,0
136,B,20,66,0
136,B,21,66,0
136,B,22,66,0
136,B,23,66,0
136,B,24,66,0
122,A,25,66,0
122,A,26,66,0
122,A,27,66,0
122,A,28,66,0
122,A,29,66,0
138,A,30,66,0
138,A,31,66,0
138,A,32,66,0
138,A,33,66,0
138,A,34,66,0
138,A,35,66,0
139,A,36,66,0
139,A,37,66,0
139,A,38,66,0
139,A,39,66,0
140,A,40,66,0
140,A,41,66,0
140,A,42,66,0
140,A,43,66,0
140,A,44,66,0
141,B,45,66,0
141,B,46,66,0
141,B,47,66,0
141,B,48,66,0
141,B,49,66,0
141,B,50,66,0
127,A,51,66,0
127,A,52,66,0
127,A,53,66,0
127,A,54,66,0
127,A,55,66,0
143,A,56,66,0
143,A,57,66,0
143,A,58,66,0
143,A,59,66,0
143,A,60,66,0
129,B,61,66,0
129,B,62,66,0
129,B,63,66,0
129,B,64,66,0
145,A,65,66,0
145,A,66,66,0
145,A,67,66,0
145,A,68,66,0
145,A,69,66,0
146,B,70,66,0
146,B,71,66,0
146,B,72,66,0
146,B,73,66,0
146,B,74,66,0
147,B,75,66,0
147,B,76,66,0
147,B,77,66,0
147,B,78,66,0
147,B,79,66,0
148,A,80,66,0
148,A,81,66,0
148,A,82,66,0
148,A,83,66,0
148,A,84,66,0
134,A,85,66,0
134,A,86,66,0
134,A,87,66,0
134,A,88,66,0
134,A,89,66,0
135,A,15,67,0
135,A,16,67,0
135,A,17,67,0
135,A,18,67,0
136,B,19,67,0
136,B,20,67,0
136,B,21,67,0
136,B,22,67,0
136,B,23,67,0
136,B,24,67,0
137,B,25,67,0
137,B,26,67,0
137,B,27,67,0
137,B,28,67,0
137,B,29,67,0
138,A,30,67,0
138,A,31,67,0
138,A,32,67,0
138,A,33,67,0
138,A,34,67,0
139,A,35,67,0
139,A,36,67,0
139,A,37,67,0
139,A,38,67,0
139,A,39,67,0
140,A,40,67,0
140,A,41,67,0
140,A,42,67,0
140,A,43,67,0
140,A,44,67,0
141,B,45,67,0
141,B,46,67,0
141,B,47,67,0
141,B,48,67,0
141,B,49,67,0
141,B,50,67,0
142,B,51,67,0
142,B,52,67,0
142,B,53,67,0
142,B,54,67,0
143,A,55,67,0
143,A,56,67,0
143,A,57,67,0
143,A,58,67,0
143,A,59,67,0
143,A,60,67,0
144,B,61,67,0
144,B,62,67,0
144,B,63,67,0
144,B,64,67,0
145,A,65,67,0
145,A,66,67,0
145,A,67,67,0
145,A,68,67,0
145,A,69,67,0
146,B,70,67,0
146,B,71,67,0
146,B,72,67,0
146,B,73,67,0
146,B,74,67,0
147,B,75,67,0
147,B,76,67,0
147,B,77,67,0
147,B,78,67,0
147,B,79,67,0
148,A,80,67,0
148,A,81,67,0
148,A,82,67,0
148,A,83,67,0
148,A,84,67,0
148,A,85,67,0
134,A,86,67,0
134,A,87,67,0
134,A,88,67,0
134,A,89,67,0
135,A,15,68,0
135,A,16,68,0
135,A,17,68,0
135,A,18,68,0
135,A,19,68,0
136,B,20,68,0
136,B,21,68,0
136,B,22,68,0
136,B,23,68,0
136,B,24,68,0
137,B,25,68,0
137,B,26,68,0
137,B,27,68,0
137,B,28,68,0
137,B,29,68,0
138,A,30,68,0
138,A,31,68,0
138,A,32,68,0
138,A,33,68,0
138,A,34,68,0
139,A,35,68,0
139,A,36,68,0
139,A,37,68,0
139,A,38,68,0
139,A,39,68,0
140,A,40,68,0
140,A,41,68,0
140,A,42,68,0
140,A,43,68,0
140,A,44,68,0
141,B,45,68,0
141,B,46,68,0
141,B,47,68,0
141,B,48,68,0
141,B,49,68,0
142,B,50,68,0
142,B,51,68,0
142,B,52,68,0
142,B,53,68,0
142,B,54,68,0
142,B,55,68,0
143,A,56,68,0
143,A,57,68,0
143,A,58,68,0
143,A,59,68,0
143,A,60,68,0
144,B,61,68,0
144,B,62,68,0
144,B,63,68,0
144,B,64,68,0
144,B,65,68,0
159,A,66,68,0
159,A,67,68,0
159,A,68,68,0
159,A,69,68,0
146,B,70,68,0
146,B,71,68,0
146,B,72,68,0
146,B,73,68,0
146,B,74,68,0
147,B,75,68,0
147,B,76,68,0
147,B,77,68,0
147,B,78,68,0
147,B,79,68,0
148,A,80,68,0
148,A,81,68,0
148,A,82,68,0
148,A,83,68,0
148,A,84,68,0
148,A,85,68,0
149,B,86,68,0
149,B,87,68,0
149,B,88,68,0
149,B,89,68,0
135,A,15,69,0
135,A,16,69,0
135,A,17,69,0
135,A,18,69,0
135,A,19,69,0
135,A,20,69,0
136,B,21,69,0
136,B,22,69,0
136,B,23,69,0
136,B,24,69,0
137,B,25,69,0
137,B,26,69,0
137,B,27,69,0
137,B,28,69,0
137,B,29,69,0
138,A,30,69,0
138,A,31,69,0
138,A,32,69,0
138,A,33,69,0
138,A,34,69,0
139,A,35,69,0
139,A,36,69,0
139,A,37,69,0
139,A,38,69,0
139,A,39,69,0
140,A,40,69,0
140,A,41,69,0
140,A,42,69,0
140,A,43,69,0
155,A,44,69,0
155,A,45,69,0
155,A,46,69,0
155,A,47,69,0
155,A,48,69,0
155,A,49,69,0
142,B,50,69,0
142,B,51,69,0
142,B,52,69,0
142,B,53,69,0
142,B,54,69,0
142,B,55,69,0
143,A,56,69,0
143,A,57,69,0
143,A,58,69,0
143,A,59,69,0
144,B,60,69,0
144,B,61,69,0
144,B,62,69,0
144,B,63,69,0
144,B,64,69,0
144,B,65,69,0
159,A,66,69,0
159,A,67,69,0
159,A,68,69,0
159,A,69,69,0
159,A,70,69,0
146,B,71,69,0
146,B,72,69,0
146,B,73,69,0
146,B,74,69,0
147,B,75,69,0
147,B,76,69,0
147,B,77,69,0
147,B,78,69,0
147,B,79,69,0
148,A,80,69,0
148,A,81,69,0
148,A,82,69,0
148,A,83,69,0
148,A,84,69,0
148,A,85,69,0
149,B,86,69,0
149,B,87,69,0
149,B,88,69,0
149,B,89,69,0
135,A,15,70,0
135,A,16,70,0
135,A,17,70,0
135,A,18,70,0
135,A,19,70,0
135,A,20,70,0
151,A,21,70,0
151,A,22,70,0
151,A,23,70,0
151,A,24,70,0
137,B,25,70,0
137,B,26,70,0
137,B,27,70,0
137,B,28,70,0
152,B,29,70,0
152,B,30,70,0
138,A,31,70,0
138,A,32,70,0
138,A,33,70,0
138,A,34,70,0
139,A,35,70,0
139,A,36,70,0
139,A,37,70,0
139,A,38,70,0
139,A,39,70,0
140,A,40,70,0
140,A,41,70,0
140,A,42,70,0
140,A,43,70,0
155,A,44,70,0
155,A,45,70,0
155,A,46,70,0
155,A,47,70,0
155,A,48,70,0
155,A,49,70,0
142,B,50,70,0
142,B,51,70,0
142,B,52,70,0
142,B,53,70,0
142,B,54,70,0
142,B,55,70,0
157,A,56,70,0
157,A,57,70,0
157,A,58,70,0
157,A,59,70,0
144,B,60,70,0
144,B,61,70,0
144,B,62,70,0
144,B,63,70,0
144,B,64,70,0
144,B,65,70,0
159,A,66,70,0
159,A,67,70,0
159,A,68,70,0
159,A,69,70,0
159,A,70,70,0
159,A,71,70,0
146,B,72,70,0
146,B,73,70,0
161,A,74,70,0
161,A,75,70,0
161,A,76,70,0
161,A,77,70,0
161,A,78,70,0
161,A,79,70,0
161,A,80,70,0
148,A,81,70,0
148,A,82,70,0
148,A,83,70,0
148,A,84,70,0
149,B,85,70,0
149,B,86,70,0
149,B,87,70,0
149,B,88,70,0
149,B,89,70,0
135,A,15,71,0
135,A,16,71,0
135,A,17,71,0
135,A,18,71,0
135,A,19,71,0
135,A,20,71,0
151,A,21,71,0
151,A,22,71,0
151,A,23,71,0
151,A,24,71,0
151,A,25,71,0
137,B,26,71,0
137,B,27,71,0
152,B,28,71,0
152,B,29,71,0
152,B,30,71,0
152,B,31,71,0
153,A,32,71,0
153,A,33,71,0
153,A,34,71,0
153,A,35,71,0
139,A,36,71,0
139,A,37,71,0
139,A,38,71,0
154,B,39,71,0
154,B,40,71,0
154,B,41,71,0
154,B,42,71,0
154,B,43,71,0
155,A,44,71,0
155,A,45,71,0
155,A,46,71,0
155,A,47,71,0
155,A,48,71,0
155,A,49,71,0
142,B,50,71,0
142,B,51,71,0
142,B,52,71,0
142,B,53,71,0
142,B,54,71,0
157,A,55,71,0
157,A,56,71,0
157,A,57,71,0
157,A,58,71,0
157,A,59,71,0
157,A,60,71,0
144,B,61,71,0
144,B,62,71,0
144,B,63,71,0
144,B,64,71,0
144,B,65,71,0
159,A,66,71,0
159,A,67,71,0
159,A,68,71,0
159,A,69,71,0
159,A,70,71,0
159,A,71,71,0
160,B,72,71,0
160,B,73,71,0
161,A,74,71,0
161,A,75,71,0
161,A,76,71,0
161,A,77,71,0
161,A,78,71,0
161,A,79,71,0
161,A,80,71,0
162,A,81,71,0
162,A,82,71,0
162,A,83,71,0
162,A,84,71,0
149,B,85,71,0
149,B,86,71,0
149,B,87,71,0
149,B,88,71,0
149,B,89,71,0
150,B,15,72,0
150,B,16,72,0
150,B,17,72,0
150,B,18,72,0
150,B,19,72,0
150,B,20,72,0
151,A,21,72,0
151,A,22,72,0
151,A,23,72,0
151,A,24,72,0
151,A,25,72,0
151,A,26,72,0
152,B,27,72,0
152,B,28,72,0
152,B,29,72,0
152,B,30,72,0
152,B,31,72,0
153,A,32,72,0
153,A,33,72,0
153,A,34,72,0
153,A,35,72,0
153,A,36,72,0
153,A,37,72,0
154,B,38,72,0
154,B,39,72,0
154,B,40,72,0
154,B,41,72,0
154,B,42,72,0
154,B,43,72,0
155,A,44,72,0
155,A,45,72,0
155,A,46,72,0
155,A,47,72,0
155,A,48,72,0
155,A,49,72,0
156,A,50,72,0
156,A,51,72,0
156,A,52,72,0
156,A,53,72,0
156,A,54,72,0
157,A,55,72,0
157,A,56,72,0
157,A,57,72,0
157,A,58,72,0
157,A,59,72,0
157,A,60,72,0
158,A,61,72,0
158,A,62,72,0
158,A,63,72,0
158,A,64,72,0
158,A,65,72,0
159,A,66,72,0
159,A,67,72,0
159,A,68,72,0
159,A,69,72,0
159,A,70,72,0
160,B,71,72,0
160,B,72,72,0
160,B,73,72,0
160,B,74,72,0
161,A,75,72,0
161,A,76,72,0
161,A,77,72,0
161,A,78,72,0
161,A,79,72,0
161,A,80,72,0
162,A,81,72,0
162,A,82,72,0
162,A,83,72,0
162,A,84,72,0
162,A,85,72,0
149,B,86,72,0
149,B,87,72,0
149,B,88,72,0
149,B,89,72,0
150,B,15,73,0
150,B,16,73,0
150,B,17,73,0
150,B,18,73,0
150,B,19,73,0
150,B,20,73,0
151,A,21,73,0
151,A,22,73,0
151,A,23,73,0
151,A,24,73,0
151,A,25,73,0
151,A,26,73,0
152,B,27,73,0
152,B,28,73,0
152,B,29,73,0
152,B,30,73,0
152,B,31,73,0
153,A,32,73,0
153,A,33,73,0
153,A,34,73,0
153,A,35,73,0
153,A,36,73,0
153,A,37,73,0
154,B,38,73,0
154,B,39,73,0
154,B,40,73,0
154,B,41,73,0
154,B,42,73,0
154,B,43,73,0
155,A,44,73,0
155,A,45,73,0
155,A,46,73,0
155,A,47,73,0
155,A,48,73,0
156,A,49,73,0
156,A,50,73,0
156,A,51,73,0
156,A,52,73,0
156,A,53,73,0
156,A,54,73,0
157,A,55,73,0
157,A,56,73,0
157,A,57,73,0
157,A,58,73,0
157,A,59,73,0
157,A,60,73,0
158,A,61,73,0
158,A,62,73,0
158,A,63,73,0
158,A,64,73,0
158,A,65,73,0
158,A,66,73,0
159,A,67,73,0
159,A,68,73,0
159,A,69,73,0
160,B,70,73,0
160,B,71,73,0
160,B,72,73,0
160,B,73,73,0
160,B,74,73,0
160,B,75,73,0
161,A,76,73,0
161,A,77,73,0
161,A,78,73,0
161,A,79,73,0
161,A,80,73,0
162,A,81,73,0
162,A,82,73,0
162,A,83,73,0
162,A,84,73,0
162,A,85,73,0
162,A,86,73,0
149,B,87,73,0
149,B,88,73,0
149,B,89,73,0
150,B,16,74,0
150,B,17,74,0
150,B,18,74,0
150,B,19,74,0
150,B,20,74,0
151,A,21,74,0
151,A,22,74,0
151,A,23,74,0
151,A,24,74,0
151,A,25,74,0
164,A,26,74,0
164,A,27,74,0
152,B,28,74,0
152,B,29,74,0
152,B,30,74,0
152,B,31,74,0
153,A,32,74,0
153,A,33,74,0
153,A,34,74,0
153,A,35,74,0
153,A,36,74,0
153,A,37,74,0
154,B,38,74,0
154,B,39,74,0
154,B,40,74,0
154,B,41,74,0
154,B,42,74,0
154,B,43,74,0
168,B,44,74,0
168,B,45,74,0
168,B,46,74,0
168,B,47,74,0
168,B,48,74,0
156,A,49,74,0
156,A,50,74,0
156,A,51,74,0
156,A,52,74,0
156,A,53,74,0
156,A,54,74,0
156,A,55,74,0
157,A,56,74,0
157,A,57,74,0
157,A,58,74,0
157,A,59,74,0
158,A,60,74,0
158,A,61,74,0
158,A,62,74,0
158,A,63,74,0
158,A,64,74,0
158,A,65,74,0
158,A,66,74,0
172,A,67,74,0
172,A,68,74,0
172,A,69,74,0
160,B,70,74,0
160,B,71,74,0
160,B,72,74,0
160,B,73,74,0
160,B,74,74,0
160,B,75,74,0
161,A,76,74,0
161,A,77,74,0
161,A,78,74,0
161,A,79,74,0
161,A,80,74,0
162,A,81,74,0
162,A,82,74,0
162,A,83,74,0
162,A,84,74,0
162,A,85,74,0
162,A,86,74,0
162,A,87,74,0
149,B,88,74,0
150,B,17,75,0
150,B,18,75,0
150,B,19,75,0
150,B,20,75,0
151,A,21,75,0
151,A,22,75,0
151,A,23,75,0
151,A,24,75,0
164,A,25,75,0
164,A,26,75,0
164,A,27,75,0
164,A,28,75,0
152,B,29,75,0
152,B,30,75,0
165,B,31,75,0
165,B,32,75,0
153,A,33,75,0
153,A,34,75,0
153,A,35,75,0
153,A,36,75,0
166,B,37,75,0
166,B,38,75,0
154,B,39,75,0
154,B,40,75,0
154,B,41,75,0
154,B,42,75,0
154,B,43,75,0
168,B,44,75,0
168,B,45,75,0
168,B,46,75,0
168,B,47,75,0
168,B,48,75,0
168,B,49,75,0
156,A,50,75,0
156,A,51,75,0
156,A,52,75,0
156,A,53,75,0
156,A,54,75,0
156,A,55,75,0
170,B,56,75,0
170,B,57,75,0
170,B,58,75,0
170,B,59,75,0
158,A,60,75,0
158,A,61,75,0
158,A,62,75,0
158,A,63,75,0
158,A,64,75,0
158,A,65,75,0
172,A,66,75,0
172,A,67,75,0
172,A,68,75,0
172,A,69,75,0
172,A,70,75,0
160,B,71,75,0
160,B,72,75,0
160,B,73,75,0
160,B,74,75,0
160,B,75,75,0
174,B,76,75,0
174,B,77,75,0
174,B,78,75,0
174,B,79,75,0
175,B,80,75,0
175,B,81,75,0
175,B,82,75,0
175,B,83,75,0
162,A,84,75,0
162,A,85,75,0
162,A,86,75,0
162,A,87,75,0
150,B,18,76,0
150,B,19,76,0
163,B,20,76,0
163,B,21,76,0
163,B,22,76,0
163,B,23,76,0
163,B,24,76,0
164,A,25,76,0
164,A,26,76,0
164,A,27,76,0
164,A,28,76,0
164,A,29,76,0
165,B,30,76,0
165,B,31,76,0
165,B,32,76,0
165,B,33,76,0
153,A,34,76,0
153,A,35,76,0
166,B,36,76,0
166,B,37,76,0
166,B,38,76,0
166,B,39,76,0
167,B,40,76,0
167,B,41,76,0
167,B,42,76,0
167,B,43,76,0
168,B,44,76,0
168,B,45,76,0
168,B,46,76,0
168,B,47,76,0
168,B,48,76,0
168,B,49,76,0
156,A,50,76,0
156,A,51,76,0
156,A,52,76,0
156,A,53,76,0
156,A,54,76,0
170,B,55,76,0
170,B,56,76,0
170,B,57,76,0
170,B,58,76,0
170,B,59,76,0
170,B,60,76,0
158,A,61,76,0
158,A,62,76,0
158,A,63,76,0
158,A,64,76,0
172,A,65,76,0
172,A,66,76,0
172,A,67,76,0
172,A,68,76,0
172,A,69,76,0
172,A,70,76,0
160,B,71,76,0
160,B,72,76,0
160,B,73,76,0
160,B,74,76,0
174,B,75,76,0
174,B,76,76,0
174,B,77,76,0
174,B,78,76,0
174,B,79,76,0
175,B,80,76,0
175,B,81,76,0
175,B,82,76,0
175,B,83,76,0
175,B,84,76,0
162,A,85,76,0
162,A,86,76,0
163,B,19,77,0
163,B,20,77,0
163,B,21,77,0
163,B,22,77,0
163,B,23,77,0
163,B,24,77,0
164,A,25,77,0
164,A,26,77,0
164,A,27,77,0
164,A,28,77,0
164,A,29,77,0
165,B,30,77,0
165,B,31,77,0
165,B,32,77,0
165,B,33,77,0
165,B,34,77,0
166,B,35,77,0
166,B,36,77,0
166,B,37,77,0
166,B,38,77,0
166,B,39,77,0
167,B,40,77,0
167,B,41,77,0
167,B,42,77,0
167,B,43,77,0
167,B,44,77,0
168,B,45,77,0
168,B,46,77,0
168,B,47,77,0
168,B,48,77,0
168,B,49,77,0
169,A,50,77,0
169,A,51,77,0
169,A,52,77,0
169,A,53,77,0
169,A,54,77,0
170,B,55,77,0
170,B,56,77,0
170,B,57,77,0
170,B,58,77,0
170,B,59,77,0
170,B,60,77,0
171,A,61,77,0
171,A,62,77,0
171,A,63,77,0
171,A,64,77,0
172,A,65,77,0
172,A,66,77,0
172,A,67,77,0
172,A,68,77,0
172,A,69,77,0
172,A,70,77,0
173,A,71,77,0
173,A,72,77,0
173,A,73,77,0
173,A,74,77,0
174,B,75,77,0
174,B,76,77,0
174,B,77,77,0
174,B,78,77,0
174,B,79,77,0
175,B,80,77,0
175,B,81,77,0
175,B,82,77,0
175,B,83,77,0
175,B,84,77,0
175,B,85,77,0
163,B,20,78,0
163,B,21,78,0
163,B,22,78,0
163,B,23,78,0
163,B,24,78,0
164,A,25,78,0
164,A,26,78,0
164,A,27,78,0
164,A,28,78,0
164,A,29,78,0
165,B,30,78,0
165,B,31,78,0
165,B,32,78,0
165,B,33,78,0
165,B,34,78,0
166,B,35,78,0
166,B,36,78,0
166,B,37,78,0
166,B,38,78,0
166,B,39,78,0
167,B,40,78,0
167,B,41,78,0
167,B,42,78,0
167,B,43,78,0
167,B,44,78,0
167,B,45,78,0
168,B,46,78,0
168,B,47,78,0
168,B,48,78,0
169,A,49,78,0
169,A,50,78,0
169,A,51,78,0
169,A,52,78,0
169,A,53,78,0
169,A,54,78,0
170,B,55,78,0
170,B,56,78,0
170,B,57,78,0
170,B,58,78,0
170,B,59,78,0
171,A,60,78,0
171,A,61,78,0
171,A,62,78,0
171,A,63,78,0
171,A,64,78,0
172,A,65,78,0
172,A,66,78,0
172,A,67,78,0
172,A,68,78,0
172,A,69,78,0
172,A,70,78,0
173,A,71,78,0
173,A,72,78,0
173,A,73,78,0
173,A,74,78,0
173,A,75,78,0
174,B,76,78,0
174,B,77,78,0
174,B,78,78,0
174,B,79,78,0
175,B,80,78,0
175,B,81,78,0
175,B,82,78,0
175,B,83,78,0
175,B,84,78,0
163,B,21,79,0
163,B,22,79,0
163,B,23,79,0
163,B,24,79,0
164,A,25,79,0
164,A,26,79,0
164,A,27,79,0
164,A,28,79,0
164,A,29,79,0
165,B,30,79,0
165,B,31,79,0
165,B,32,79,0
165,B,33,79,0
165,B,34,79,0
178,A,35,79,0
166,B,36,79,0
166,B,37,79,0
166,B,38,79,0
166,B,39,79,0
167,B,40,79,0
167,B,41,79,0
167,B,42,79,0
167,B,43,79,0
167,B,44,79,0
167,B,45,79,0
180,B,46,79,0
180,B,47,79,0
180,B,48,79,0
169,A,49,79,0
169,A,50,79,0
169,A,51,79,0
169,A,52,79,0
169,A,53,79,0
169,A,54,79,0
169,A,55,79,0
170,B,56,79,0
170,B,57,79,0
170,B,58,79,0
171,A,59,79,0
171,A,60,79,0
171,A,61,79,0
171,A,62,79,0
171,A,63,79,0
171,A,64,79,0
171,A,65,79,0
172,A,66,79,0
172,A,67,79,0
172,A,68,79,0
172,A,69,79,0
173,A,70,79,0
173,A,71,79,0
173,A,72,79,0
173,A,73,79,0
173,A,74,79,0
173,A,75,79,0
173,A,76,79,0
174,B,77,79,0
174,B,78,79,0
174,B,79,79,0
175,B,80,79,0
175,B,81,79,0
175,B,82,79,0
175,B,83,79,0
163,B,22,80,0
163,B,23,80,0
163,B,24,80,0
176,A,25,80,0
176,A,26,80,0
176,A,27,80,0
176,A,28,80,0
176,A,29,80,0
176,A,30,80,0
165,B,31,80,0
165,B,32,80,0
165,B,33,80,0
178,A,34,80,0
178,A,35,80,0
178,A,36,80,0
166,B,37,80,0
166,B,38,80,0
179,A,39,80,0
179,A,40,80,0
167,B,41,80,0
167,B,42,80,0
167,B,43,80,0
167,B,44,80,0
180,B,45,80,0
180,B,46,80,0
180,B,47,80,0
180,B,48,80,0
169,A,49,80,0
169,A,50,80,0
169,A,51,80,0
169,A,52,80,0
169,A,53,80,0
169,A,54,80,0
169,A,55,80,0
182,B,56,80,0
182,B,57,80,0
182,B,58,80,0
171,A,59,80,0
171,A,60,80,0
171,A,61,80,0
171,A,62,80,0
171,A,63,80,0
171,A,64,80,0
171,A,65,80,0
184,A,66,80,0
184,A,67,80,0
184,A,68,80,0
184,A,69,80,0
173,A,70,80,0
173,A,71,80,0
173,A,72,80,0
173,A,73,80,0
173,A,74,80,0
173,A,75,80,0
173,A,76,80,0
186,B,77,80,0
186,B,78,80,0
186,B,79,80,0
186,B,80,80,0
175,B,81,80,0
175,B,82,80,0
163,B,23,81,0
176,A,24,81,0
176,A,25,81,0
176,A,26,81,0
176,A,27,81,0
176,A,28,81,0
176,A,29,81,0
176,A,30,81,0
176,A,31,81,0
178,A,32,81,0
178,A,33,81,0
178,A,34,81,0
178,A,35,81,0
178,A,36,81,0
178,A,37,81,0
179,A,38,81,0
179,A,39,81,0
179,A,40,81,0
179,A,41,81,0
179,A,42,81,0
179,A,43,81,0
180,B,44,81,0
180,B,45,81,0
180,B,46,81,0
180,B,47,81,0
180,B,48,81,0
180,B,49,81,0
169,A,50,81,0
169,A,51,81,0
169,A,52,81,0
169,A,53,81,0
169,A,54,81,0
182,B,55,81,0
182,B,56,81,0
182,B,57,81,0
182,B,58,81,0
182,B,59,81,0
171,A,60,81,0
171,A,61,81,0
171,A,62,81,0
171,A,63,81,0
171,A,64,81,0
184,A,65,81,0
184,A,66,81,0
184,A,67,81,0
184,A,68,81,0
184,A,69,81,0
184,A,70,81,0
173,A,71,81,0
173,A,72,81,0
173,A,73,81,0
173,A,74,81,0
173,A,75,81,0
186,B,76,81,0
186,B,77,81,0
186,B,78,81,0
186,B,79,81,0
186,B,80,81,0
186,B,81,81,0
176,A,24,82,0
176,A,25,82,0
176,A,26,82,0
176,A,27,82,0
176,A,28,82,0
176,A,29,82,0
176,A,30,82,0
176,A,31,82,0
178,A,32,82,0
178,A,33,82,0
178,A,34,82,0
178,A,35,82,0
178,A,36,82,0
178,A,37,82,0
179,A,38,82,0
179,A,39,82,0
179,A,40,82,0
179,A,41,82,0
179,A,42,82,0
179,A,43,82,0
180,B,44,82,0
180,B,45,82,0
180,B,46,82,0
180,B,47,82,0
180,B,48,82,0
180,B,49,82,0
181,A,50,82,0
181,A,51,82,0
181,A,52,82,0
181,A,53,82,0
181,A,54,82,0
182,B,55,82,0
182,B,56,82,0
182,B,57,82,0
182,B,58,82,0
182,B,59,82,0
183,B,60,82,0
183,B,61,82,0
183,B,62,82,0
183,B,63,82,0
183,B,64,82,0
184,A,65,82,0
184,A,66,82,0
184,A,67,82,0
184,A,68,82,0
184,A,69,82,0
184,A,70,82,0
185,A,71,82,0
185,A,72,82,0
185,A,73,82,0
185,A,74,82,0
185,A,75,82,0
186,B,76,82,0
186,B,77,82,0
186,B,78,82,0
186,B,79,82,0
186,B,80,82,0
176,A,25,83,0
176,A,26,83,0
176,A,27,83,0
176,A,28,83,0
176,A,29,83,0
176,A,30,83,0
176,A,31,83,0
178,A,32,83,0
178,A,33,83,0
178,A,34,83,0
178,A,35,83,0
178,A,36,83,0
178,A,37,83,0
179,A,38,83,0
179,A,39,83,0
179,A,40,83,0
179,A,41,83,0
179,A,42,83,0
179,A,43,83,0
180,B,44,83,0
180,B,45,83,0
180,B,46,83,0
180,B,47,83,0
180,B,48,83,0
181,A,49,83,0
181,A,50,83,0
181,A,51,83,0
181,A,52,83,0
181,A,53,83,0
181,A,54,83,0
181,A,55,83,0
182,B,56,83,0
182,B,57,83,0
182,B,58,83,0
182,B,59,83,0
183,B,60,83,0
183,B,61,83,0
183,B,62,83,0
183,B,63,83,0
183,B,64,83,0
184,A,65,83,0
184,A,66,83,0
184,A,67,83,0
184,A,68,83,0
184,A,69,83,0
184,A,70,83,0
185,A,71,83,0
185,A,72,83,0
185,A,73,83,0
185,A,74,83,0
185,A,75,83,0
186,B,76,83,0
186,B,77,83,0
186,B,78,83,0
186,B,79,83,0
176,A,26,84,0
176,A,27,84,0
177,B,28,84,0
177,B,29,84,0
177,B,30,84,0
177,B,31,84,0
177,B,32,84,0
178,A,33,84,0
178,A,34,84,0
178,A,35,84,0
178,A,36,84,0
178,A,37,84,0
179,A,38,84,0
179,A,39,84,0
179,A,40,84,0
179,A,41,84,0
188,A,42,84,0
188,A,43,84,0
188,A,44,84,0
180,B,45,84,0
180,B,46,84,0
180,B,47,84,0
181,A,48,84,0
181,A,49,84,0
181,A,50,84,0
181,A,51,84,0
181,A,52,84,0
181,A,53,84,0
181,A,54,84,0
181,A,55,84,0
182,B,56,84,0
182,B,57,84,0
182,B,58,84,0
182,B,59,84,0
183,B,60,84,0
183,B,61,84,0
183,B,62,84,0
183,B,63,84,0
183,B,64,84,0
184,A,65,84,0
184,A,66,84,0
184,A,67,84,0
184,A,68,84,0
184,A,69,84,0
184,A,70,84,0
185,A,71,84,0
185,A,72,84,0
185,A,73,84,0
185,A,74,84,0
185,A,75,84,0
185,A,76,84,0
186,B,77,84,0
186,B,78,84,0
177,B,27,85,0
177,B,28,85,0
177,B,29,85,0
177,B,30,85,0
177,B,31,85,0
177,B,32,85,0
177,B,33,85,0
178,A,34,85,0
187,B,35,85,0
187,B,36,85,0
187,B,37,85,0
187,B,38,85,0
179,A,39,85,0
179,A,40,85,0
188,A,41,85,0
188,A,42,85,0
188,A,43,85,0
188,A,44,85,0
188,A,45,85,0
189,B,46,85,0
189,B,47,85,0
189,B,48,85,0
181,A,49,85,0
181,A,50,85,0
181,A,51,85,0
181,A,52,85,0
181,A,53,85,0
181,A,54,85,0
181,A,55,85,0
191,A,56,85,0
191,A,57,85,0
191,A,58,85,0
191,A,59,85,0
183,B,60,85,0
183,B,61,85,0
183,B,62,85,0
183,B,63,85,0
192,B,64,85,0
192,B,65,85,0
184,A,66,85,0
184,A,67,85,0
193,A,68,85,0
193,A,69,85,0
193,A,70,85,0
193,A,71,85,0
185,A,72,85,0
185,A,73,85,0
185,A,74,85,0
185,A,75,85,0
185,A,76,85,0
186,B,77,85,0
177,B,28,86,0
177,B,29,86,0
177,B,30,86,0
177,B,31,86,0
177,B,32,86,0
177,B,33,86,0
187,B,34,86,0
187,B,35,86,0
187,B,36,86,0
187,B,37,86,0
187,B,38,86,0
187,B,39,86,0
188,A,40,86,0
188,A,41,86,0
188,A,42,86,0
188,A,43,86,0
188,A,44,86,0
189,B,45,86,0
189,B,46,86,0
189,B,47,86,0
189,B,48,86,0
189,B,49,86,0
190,B,50,86,0
190,B,51,86,0
190,B,52,86,0
190,B,53,86,0
190,B,54,86,0
190,B,55,86,0
191,A,56,86,0
191,A,57,86,0
191,A,58,86,0
191,A,59,86,0
191,A,60,86,0
183,B,61,86,0
183,B,62,86,0
192,B,63,86,0
192,B,64,86,0
192,B,65,86,0
192,B,66,86,0
192,B,67,86,0
193,A,68,86,0
193,A,69,86,0
193,A,70,86,0
193,A,71,86,0
193,A,72,86,0
185,A,73,86,0
185,A,74,86,0
185,A,75,86,0
185,A,76,86,0
177,B,29,87,0
177,B,30,87,0
177,B,31,87,0
177,B,32,87,0
177,B,33,87,0
187,B,34,87,0
187,B,35,87,0
187,B,36,87,0
187,B,37,87,0
187,B,38,87,0
187,B,39,87,0
188,A,40,87,0
188,A,41,87,0
188,A,42,87,0
188,A,43,87,0
188,A,44,87,0
189,B,45,87,0
189,B,46,87,0
189,B,47,87,0
189,B,48,87,0
189,B,49,87,0
190,B,50,87,0
190,B,51,87,0
190,B,52,87,0
190,B,53,87,0
190,B,54,87,0
190,B,55,87,0
191,A,56,87,0
191,A,57,87,0
191,A,58,87,0
191,A,59,87,0
191,A,60,87,0
191,A,61,87,0
192,B,62,87,0
192,B,63,87,0
192,B,64,87,0
192,B,65,87,0
192,B,66,87,0
192,B,67,87,0
193,A,68,87,0
193,A,69,87,0
193,A,70,87,0
193,A,71,87,0
193,A,72,87,0
193,A,73,87,0
185,A,74,87,0
185,A,75,87,0
177,B,30,88,0
177,B,31,88,0
177,B,32,88,0
177,B,33,88,0
187,B,34,88,0
187,B,35,88,0
187,B,36,88,0
187,B,37,88,0
187,B,38,88,0
187,B,39,88,0
188,A,40,88,0
188,A,41,88,0
188,A,42,88,0
188,A,43,88,0
188,A,44,88,0
189,B,45,88,0
189,B,46,88,0
189,B,47,88,0
189,B,48,88,0
189,B,49,88,0
190,B,50,88,0
190,B,51,88,0
190,B,52,88,0
190,B,53,88,0
190,B,54,88,0
190,B,55,88,0
191,A,56,88,0
191,A,57,88,0
191,A,58,88,0
191,A,59,88,0
191,A,60,88,0
191,A,61,88,0
192,B,62,88,0
192,B,63,88,0
192,B,64,88,0
192,B,65,88,0
192,B,66,88,0
192,B,67,88,0
193,A,68,88,0
193,A,69,88,0
193,A,70,88,0
193,A,71,88,0
193,A,72,88,0
193,A,73,88,0
193,A,74,88,0
187,B,35,89,0
187,B,36,89,0
187,B,37,89,0
187,B,38,89,0
187,B,39,89,0
188,A,40,89,0
188,A,41,89,0
188,A,42,89,0
188,A,43,89,0
188,A,44,89,0
189,B,45,89,0
189,B,46,89,0
189,B,47,89,0
189,B,48,89,0
189,B,49,89,0
190,B,50,89,0
190,B,51,89,0
190,B,52,89,0
190,B,53,89,0
190,B,54,89,0
190,B,55,89,0
191,A,56,89,0
191,A,57,89,0
191,A,58,89,0
191,A,59,89,0
191,A,60,89,0
191,A,61,89,0
192,B,62,89,0
192,B,63,89,0
192,B,64,89,0
192,B,65,89,0
192,B,66,89,0
192,B,67,89,0
193,A,68,89,0
193,A,69,89,0
193,A,70,89,0
193,A,71,89,0
193,A,72,89,0
193,A,73,89,0
