,sim 0_0_1000000_10_0 - step_10000.csv,sim 0_0_1000000_0_1000000 - step_10000.csv,sim 0_0_1000000_1000000_10 - step_10000.csv,sim 0_0_100000_1000_0 - step_10000.csv,sim 0_0_1000000_1000000_10000 - step_10000.csv,sim 0_0_1000000_100000_0 - step_10000.csv,sim 0_0_1000000_100000_100 - step_10000.csv,sim 0_0_1000000_10000_100000 - step_10000.csv,sim 0_0_1000000_10000_10000 - step_10000.csv,sim 0_10_0_10_100 - step_10000.csv,sim 0_0_1000000_100_100000 - step_10000.csv,sim 0_0_100000_10000_10000 - step_10000.csv,sim 0_0_1000000_10000_0 - step_10000.csv,sim 0_0_1000000_100000_1000 - step_10000.csv,sim 0_0_1000000_1000_100 - step_10000.csv,sim 0_0_1000000_1000_1000000 - step_10000.csv,sim 0_0_100000_1000_100000 - step_10000.csv,sim 0_0_1000000_100_10000 - step_10000.csv,sim 0_0_100000_1000_10 - step_10000.csv,sim 0_0_1000000_10_1000 - step_10000.csv,sim 0_0_1000000_1000_1000 - step_10000.csv,sim 0_0_1000000_1000000_0 - step_10000.csv,sim 0_0_100000_10000_100 - step_10000.csv,sim 0_0_100000_1000000_10000 - step_10000.csv,sim 0_10_0_0_100 - step_10000.csv,sim 0_0_1000000_100000_100000 - step_10000.csv,sim 0_10_0_0_1000 - step_10000.csv,sim 0_10_0_0_100000 - step_10000.csv,sim 0_0_100000_1000000_100 - step_10000.csv,sim 0_10_0_10_1000000 - step_10000.csv,sim 0_10_0_0_0 - step_10000.csv,sim 0_10_0_100_100 - step_10000.csv,sim 0_0_1000000_1000000_100 - step_10000.csv,sim 0_0_100000_10000_100000 - step_10000.csv,sim 0_0_1000000_10000_1000 - step_10000.csv,sim 0_0_100000_10000_1000000 - step_10000.csv,sim 0_0_100000_1000000_1000 - step_10000.csv,sim 0_0_1000000_1000000_1000 - step_10000.csv,sim 0_0_100000_1000_1000 - step_10000.csv,sim 0_0_1000000_1000000_1000000 - step_10000.csv,sim 0_10_0_10_10 - step_10000.csv,sim 0_0_1000000_10000_1000000 - step_10000.csv,sim 0_0_1000000_100_0 - step_10000.csv,sim 0_0_1000000_1000_0 - step_10000.csv,sim 0_0_100000_10000_0 - step_10000.csv,sim 0_0_1000000_100_100 - step_10000.csv,sim 0_10_0_0_1000000 - step_10000.csv,sim 0_0_100000_100_100000 - step_10000.csv,sim 0_10_0_10_1000 - step_10000.csv,sim 0_0_100000_100_10000 - step_10000.csv,sim 0_10_0_10_10000 - step_10000.csv,sim 0_0_1000000_0_0 - step_10000.csv,sim 0_0_1000000_1000_10000 - step_10000.csv,sim 0_0_1000000_0_100 - step_10000.csv,sim 0_0_100000_100000_0 - step_10000.csv,sim 0_0_1000000_100000_1000000 - step_10000.csv,sim 0_0_100000_1000000_1000000 - step_10000.csv,sim 0_0_1000000_0_1000 - step_10000.csv,sim 0_0_1000000_10000_10 - step_10000.csv,sim 0_0_100000_1000000_10 - step_10000.csv,sim 0_0_1000000_1000000_100000 - step_10000.csv,sim 0_10_0_10_100000 - step_10000.csv,sim 0_0_100000_10000_1000 - step_10000.csv,sim 0_0_100000_100000_10000 - step_10000.csv,sim 0_0_100000_100000_1000 - step_10000.csv,sim 0_0_100000_1000_100 - step_10000.csv,sim 0_0_1000000_100_1000000 - step_10000.csv,sim 0_0_1000000_0_10000 - step_10000.csv,sim 0_10_0_0_10000 - step_10000.csv,sim 0_0_1000000_100_1000 - step_10000.csv,sim 0_0_100000_100000_1000000 - step_10000.csv,sim 0_0_100000_100_1000 - step_10000.csv,sim 0_0_100000_1000_10000 - step_10000.csv,sim 0_0_1000000_10_10000 - step_10000.csv,sim 0_0_100000_1000000_0 - step_10000.csv,sim 0_0_1000000_10_10 - step_10000.csv,sim 0_0_100000_1000_1000000 - step_10000.csv,sim 0_0_100000_100000_100 - step_10000.csv,sim 0_10_0_100_10 - step_10000.csv,sim 0_0_1000000_10_1000000 - step_10000.csv,sim 0_10_0_100_1000 - step_10000.csv,sim 0_0_1000000_10000_100 - step_10000.csv,sim 0_0_1000000_100_10 - step_10000.csv,sim 0_0_100000_100000_100000 - step_10000.csv,sim 0_0_1000000_0_100000 - step_10000.csv,sim 0_0_100000_100000_10 - step_10000.csv,sim 0_10_0_10_0 - step_10000.csv,sim 0_0_1000000_1000_10 - step_10000.csv,sim 0_0_100000_100_1000000 - step_10000.csv,sim 0_0_100000_10000_10 - step_10000.csv,sim 0_0_1000000_1000_100000 - step_10000.csv,sim 0_0_100000_1000000_100000 - step_10000.csv,sim 0_10_0_100_0 - step_10000.csv,sim 0_10_0_100_10000 - step_10000.csv,sim 0_0_1000000_10_100 - step_10000.csv,sim 0_0_1000000_100000_10 - step_10000.csv,sim 0_0_1000000_10_100000 - step_10000.csv,sim 0_0_1000000_0_10 - step_10000.csv,sim 0_0_1000000_100000_10000 - step_10000.csv,sim 0_10_0_0_10 - step_10000.csv
sim 0_0_1000000_10_0 - step_10000.csv,1.1169902706619824e-308,3.3156898657276335,1.099595330568956,2.1906925047650114,1.2582522323011096,2.0051564028916706,1.1342012878884349,1.2976152617703516,1.2416985314009548,0.5969001084093355,1.207828764023688,1.1484491977130613,2.1326949025403135,1.3315680470216638,0.9639692458446749,1.1893915045930212,1.2221628468029904,1.1989324299329365,1.0749687837728388,1.32922031506578,1.364925142032818,0.8678485162070313,1.0856150730846412,1.1709552377513779,0.6558349037449229,1.0805178698887854,0.6111925530467301,0.7942297122991171,1.2503090534795147,0.7022806306245961,0.8032626429841798,0.7182935295341784,1.402261151722593,1.2110905017447857,1.5043963732576735,1.268445421329215,1.2439706318191526,1.3121889593418388,1.2858801519938188,1.3450034965925495,0.7046817686035123,1.3180231629067851,2.020198612622208,1.7939592268338451,2.690468447099576,1.1670074300332347,0.795939408869307,1.245855189313005,1.354657381090373,1.1986015526032652,0.8168701206418003,0.6435471853653505,1.255170887835968,3.0818448339431814,0.9155854451308292,1.412964870455676,1.3127114492229248,5.502507280592702,1.111247957846576,1.1483433031985708,1.2741783163271216,0.8306517015330375,1.1532991240033699,1.14736951290151,1.2238183647042202,1.2847703856811465,1.3431815996742251,3.6302827310745833,0.6001125495469601,1.1717143508051917,1.1506193859153564,1.2004160025876978,1.3036613335478524,1.153093535757515,0.9947034922377522,2.249762559343944,1.2189335465566362,1.4073543879137214,0.839235156406434,1.3382574168783314,1.6685171025955476,0.9063882417369733,0.8489752988127908,1.1991201570269112,5.3722860920688,1.2881968447273948,0.9910987607596127,1.0428705008609906,1.266424859144153,0.9673765650993218,1.2517642047229867,1.291934481979606,1.030384990674884,1.4792185116045244,0.9488343364079554,0.6608595700018522,1.5301525005802556,0.7974451415249391,1.0206771779493717,1.2708002948889643
sim 0_0_1000000_0_1000000 - step_10000.csv,3.3156898657276335,8.75657875115783e-309,3.3156898657276335,3.3156898657276335,3.315689865727633,3.3156898657276335,3.3156898657276335,3.3156898657276335,3.3156898657276335,3.3156898657276335,3.3156898657276335,3.3156898657276335,3.3156898657276335,3.3156898657276335,3.3156898657276335,3.3156898657276335,3.3156898657276335,3.3156898657276335,3.3156898657276335,3.3156898657276335,3.3156898657276335,3.3156898657276335,3.3156898657276335,3.315689865727633,3.3156898657276335,3.3156898657276335,3.3156898657276335,3.3156898657276344,3.315689865727633,3.3156898657276335,3.3156898657276335,3.3156898657276335,3.315689865727633,3.3156898657276335,3.3156898657276335,3.3156898657276335,3.315689865727633,3.315689865727633,3.3156898657276335,3.315689865727633,3.3156898657276335,3.3156898657276335,3.3156898657276335,3.3156898657276335,3.3156898657276335,3.3156898657276335,3.3156898657276335,3.3156898657276335,3.3156898657276344,3.3156898657276335,3.3156898657276335,3.3156898657276335,3.3156898657276335,2.2069683500521062,3.3156898657276335,3.3156898657276335,3.315689865727633,3.2060022417336196,3.3156898657276335,3.3156898657276335,3.315689865727633,3.3156898657276335,3.3156898657276335,3.315689865727633,3.315689865727633,3.3156898657276335,3.3156898657276335,3.560999308789544,3.3156898657276335,3.3156898657276335,3.3156898657276335,3.3156898657276335,3.3156898657276335,3.3156898657276335,3.3156898657276335,3.315689865727633,3.3156898657276335,3.315689865727633,3.3156898657276335,3.3156898657276344,3.3156898657276335,3.3156898657276335,3.3156898657276335,3.315689865727633,3.902645397459178,3.3156898657276335,3.3156898657276335,3.3156898657276335,3.3156898657276335,3.3156898657276335,3.3156898657276335,3.315689865727633,3.3156898657276335,3.3156898657276335,3.3156898657276335,3.3156898657276335,3.3156898657276335,3.3156898657276335,3.3156898657276335,3.3156898657276344
sim 0_0_1000000_1000000_10 - step_10000.csv,1.099595330568956,3.3156898657276335,1.4582612639998065e-308,2.6170324864769263,1.2520152102884818,2.1949856798477345,0.92877271987944,1.1019240447162912,0.9642309029100629,1.0701854667570663,1.2201082085415322,0.9281079327337647,2.702922971323911,0.9979937511052768,1.1445504202669827,1.0841098894632122,1.0870453551610577,1.1191797532689511,0.9080985980381486,1.7719980275395635,1.0291071703872294,1.4577987588745653,0.8599673406630899,1.2531907270545701,0.9907106510156609,0.8416969323683379,0.9907106510156609,1.5815578997948343,1.0734441863845499,1.075491984081249,0.8541304498860436,0.8084953557114627,1.0035246386069694,0.7740716015221825,1.3150758951083343,0.8084953557114627,1.2296423273073138,1.1839684028416633,0.8875960203972113,1.223034154854602,1.2635068866541648,0.9655854128774255,2.105186964823126,2.1312854467120506,2.9178035835713363,0.8993578745464932,1.1678037897439602,0.9128115642572058,2.1419855685860902,0.9055280613158834,1.152561628760301,1.0375829257876585,0.6541500661347114,3.652072902726779,1.3589302368062945,0.9852363334082472,1.159362294072455,5.502507280592702,0.8476329634427753,0.8084953557114627,1.1463763039576769,1.1164208236950213,0.9217730228359873,1.138219405265625,1.0967800055366537,0.966874498013194,0.9593453713744822,3.6302827310745833,1.1951482425610482,1.0239436003533038,0.9392821994788941,0.9398159767545041,0.7230537850461687,1.4556639164988778,1.1458234891942372,1.4034010315420815,0.9572544671481634,1.2857316376292844,1.1555417001471753,1.8260128196499252,2.132927937819222,0.9551407076181855,0.8084953557114627,1.3723883723973918,5.3722860920688,0.8084953557114627,0.888569971777903,0.9798420143894653,0.8371203979915016,1.0329414084515154,0.922005858424459,1.192522183916486,1.8116610922135266,1.9200761306114291,1.000693171802279,1.0351082191035479,2.094328483406778,1.1607384152745333,1.2658062012787532,2.0581284823846815
sim 0_0_100000_1000_0 - step_10000.csv,2.1906925047650114,3.3156898657276335,2.6170324864769263,1.9511705842628953e-308,2.328736871576849,1.18267278406843,2.563913571269044,2.397966074991647,2.3677400240243784,2.39515379335856,2.2180533622793135,2.3199524388748394,0.7812248861668696,2.470800579501365,2.3118919459426035,2.184978164865779,2.2439356416594176,2.3460245621262974,2.4949428589110703,1.4183594111746176,2.4979924016040993,1.9461331367052388,2.064234631706368,2.337492670496939,2.378267997689284,2.597165337700604,2.6049958200287424,2.3527590710742885,2.4431371376872217,2.2889261060097503,2.6170324864769263,2.290704911156732,2.617032486476926,2.6170324864769263,2.4949428589110703,2.266256488925322,2.4482545668145583,2.3787770624383455,2.4949428589110703,2.5694748324898296,2.6170324864769263,2.3970794310681676,0.9704221645425761,1.090189674527636,1.2760494919502428,2.6170324864769263,2.536760083950578,2.6170324864769263,2.0971626925484665,2.601339694917316,2.2321188503571143,2.369723735786006,2.6170324864769263,2.2131008042865865,1.9649344324938927,2.4943872901187287,2.389123983521134,5.502507280592702,2.6170324864769263,2.6349029896727654,2.4405787376392496,2.6170324864769263,2.265269920007949,2.5884133830746947,2.617032486476926,2.6156500842184887,2.6170324864769263,3.6302827310745833,2.1354514279827335,2.432669526284297,2.0007754139537965,2.3061918603791547,2.5650056710270004,1.7011649570229324,1.9592421089977439,3.0586022015425183,2.338035484923335,2.4949428589110703,2.1439511475500517,1.675904662912595,1.3816848347559265,2.1261534902251746,2.594705439934316,2.617032486476926,5.3722860920688,2.8531311672973505,2.4949428589110703,2.4949428589110703,2.456243251012568,2.501025071488579,2.4430647580276776,2.4949428589110703,1.8566174738070753,1.1897446797975721,2.167517217547225,2.423793967182897,1.3770074234100704,2.4949428589110703,2.0933567843879146,2.341318823716816
sim 0_0_1000000_1000000_10000 - step_10000.csv,1.2582522323011096,3.315689865727633,1.2520152102884818,2.328736871576849,6.286682276958764e-309,1.9842318906023253,1.0847147635532295,1.3737347210137019,1.4163256393764225,1.1791963762177475,0.8009335631314051,1.3509296640226314,2.176500695387185,1.2230412166235956,1.281790091074738,1.197100135132687,1.311897574320156,1.0834167011829345,1.0718162731756085,1.3645930966934825,1.4411693723372423,1.5961676719870377,1.2864883007920422,0.6062919078780951,1.3359111589832713,1.2773967326728373,1.2117421387427398,1.585872728706951,0.5500938848003729,1.2108657906123605,1.2540634698915376,1.360641803554662,0.7660438229077684,1.3088605625480714,1.1557910564157543,1.507773889402432,0.6607342945982975,0.7271455101826128,1.1725292691449294,0.9748234051089284,1.322129955117263,0.9731697906628618,1.5633422523697094,1.7941589166692233,2.6904684470995757,1.0354826746195869,1.3904581460494654,0.8641423674531108,1.3830407374205542,0.8866044357650987,1.2268863102687062,1.1964588794720061,1.2800115674893513,3.1102281902733626,1.4646103720995072,1.1194625346434854,0.7337320506031109,5.502507280592702,1.0264338202712109,1.0444453691300895,0.9270976747013524,1.2613659566650401,1.2549285166231723,0.9008374730616051,0.655186200621479,1.0665171022301934,0.6734929632565265,3.630282731074583,1.2154676879930226,0.7859336068607412,1.2860648937449353,1.0374035890600055,1.481953389151478,1.0311903528694364,1.5123330315968042,2.0296430274127686,1.4394580702105308,0.6147189933199115,1.3087827890745318,1.834984705916355,1.6836516299738589,1.0830940812854208,1.1427660953577126,0.7454868106277388,5.372286092068799,1.2598134883972134,1.4058287942046572,1.0429483372605306,1.008210861855921,1.0274054496811171,1.3993267005560568,0.806772004383232,1.4262265020070017,1.582949600568602,1.3123313664580571,1.1478220104417938,1.552483770953362,1.3882871653604036,1.1925267723470048,1.8358856266750747
sim 0_0_1000000_100000_0 - step_10000.csv,2.0051564028916706,3.3156898657276335,2.1949856798477345,1.18267278406843,1.9842318906023253,9.700178121707737e-309,2.1119450567807085,2.0534610940171234,1.9959136610135069,2.1137796238985205,1.87354838130479,1.8722335074569934,0.8944494138830095,1.996457349780279,2.176167324621419,1.8428674793859,1.7937746398323782,1.7427667394722217,2.1514874212932167,1.346043250047372,2.1949856798477345,1.894001429486475,1.6522104109143836,1.9929876895224155,2.126574589668211,2.046370174456724,2.0017379973746667,2.0312555470120435,1.9142139240359892,1.9105016802465933,2.2254769455020647,2.07093257205159,2.2597844153644213,2.172132924113887,2.1949856798477345,1.8594260588110192,2.0735486409121897,1.9354948879998748,2.1949856798477345,2.2249698515153056,2.4026081019344296,1.7938216084140919,1.0914309993127134,0.6548003198423498,1.5591683525573004,2.107651020283475,2.204816778331672,2.326668784535139,1.9116265906751257,2.077673006360783,1.89426377742784,2.1302145440122775,2.2144852959680232,2.2729153789508523,1.7331392123206228,2.039923682506384,1.889487337143036,5.502507280592702,2.1949856798477345,2.408171626086558,2.1223193627589367,2.1215148508519324,1.691155192305196,2.0814802634498317,2.0717482137596175,2.029011704728875,2.16723355571318,3.6302827310745833,1.8480620070874032,2.0038739218224215,1.6392816875351723,1.9616868794046312,1.9920201571032514,1.5340022580950645,1.6718966355044511,2.6565726511926577,1.7913617472310435,2.171824762331555,1.7758439833811508,1.3154507680461593,1.109085752691417,1.781648509250651,2.1949856798477345,2.239227403084392,5.3722860920688,2.5054073692045904,2.1949856798477345,2.1949856798477345,2.1117382700380443,1.9819862798980203,2.1109015815828904,2.1949856798477345,1.8499675044416701,0.963491878930677,1.893502887777868,2.100137930368298,1.3397238908693057,2.2615257350865434,1.748851803413391,2.1379246249406014
sim 0_0_1000000_100000_100 - step_10000.csv,1.1342012878884349,3.3156898657276335,0.92877271987944,2.563913571269044,1.0847147635532295,2.1119450567807085,5.938844750461794e-309,0.718081659952186,0.8261594402926313,1.0889444662122774,0.9207920457379846,0.7539859303616483,2.6279934150288096,0.6421850637749991,1.219915279350885,0.8118305808477153,0.79850976197491,0.8508578703874692,0.6972610875577958,1.4799683525323424,0.7772398833259304,1.1657690838673442,1.025324599118731,1.028735708625569,1.0207091583591916,0.8562203143637124,0.914796205955156,1.6047966468436616,0.9295101452466649,0.9238680198585989,0.9895744918633964,0.8764627292532259,0.9659612042313412,0.7526583199145724,1.237425775055419,0.7573420120933632,0.9645536460945897,0.9303684796215919,0.7796542926267911,1.0275208675423357,1.268347468972122,0.9632743035490181,2.0302574085280245,1.9439584099767124,2.8728042357931862,0.8509371064882049,1.276976290730019,0.9381412975770401,1.8499558935788691,0.8397645316183207,0.9293527420938785,1.0593026244668682,0.8394760734221256,3.5771433464316775,1.0669005617990734,0.875263845195489,0.9880860503545073,5.502507280592702,0.641722521959414,0.7414508288646431,0.9953735940921851,0.9293527420938785,0.8606288160699549,1.0184532413531784,0.9643302328537011,0.5812489128436464,0.8734780518245246,3.6302827310745833,1.1767359870131884,0.8319724680117311,0.8274206979361587,0.8963246718318274,0.8539442657088143,1.163634241491657,1.214054199614397,1.6954307065493024,0.9029752721108393,0.9219748117966676,1.1538215093454944,1.8539086240530658,1.8063125362927437,0.5837419862977011,0.7146368561432457,1.100080365732012,5.3722860920688,0.8487876478935572,1.1139503017046968,0.6878123393822442,0.8376740544951993,0.6006327318177327,0.7729086809302874,1.0017465471123357,1.5196314172063055,1.8615113134950523,0.9983704197359167,0.8036931339967435,2.1147558172282164,1.1777373991507982,0.9737765262715321,1.7660988073774604
sim 0_0_1000000_10000_100000 - step_10000.csv,1.2976152617703516,3.3156898657276335,1.1019240447162912,2.397966074991647,1.3737347210137019,2.0534610940171234,0.718081659952186,1.7092666733676576e-308,0.8197708349588524,1.2476446876769902,0.8342715689823095,0.8367802127694377,2.2844487872289196,0.6490230711625848,0.7159187073843469,0.7775252224540541,0.7550922838354222,0.9451273051099153,1.1221687665098248,1.503924066078799,0.8266896192861637,1.251078952663251,1.025324599118731,1.3454383675119883,1.3340329242481381,0.7657195845696343,1.3292516891374602,1.37483809358352,1.1077971057121285,1.308057198091202,1.124447569161097,1.1305966542844033,1.1565716823828032,0.6859114855452226,0.8677984511084205,0.5581641563267699,1.350621117038596,1.1034010330887316,0.5187521236747923,1.3770365676249998,1.361492984586505,0.9329026929694599,1.660630084581026,1.8633881200840214,2.8728042357931862,1.0256607428372373,1.304141664675793,0.9721896108587903,1.6277362663650594,0.9000999362418297,1.388086040962417,1.3223638012463814,0.6234568713000535,3.207516022484679,1.2799346004829815,0.8888910701081255,1.4245972931979285,5.502507280592702,1.1620945745190854,1.1098254368262879,1.4510995454303763,1.3315100010080574,0.7266789012883876,1.370853514568905,1.3141265490115959,0.7091120618522151,1.0068278836563351,3.6302827310745833,1.253665551981081,1.1404565825689126,0.6945604228139803,1.0349166924014295,0.7324969974953461,1.074184495610031,1.155458112424764,1.8048925518609735,0.6453171152361046,1.3797958650121398,1.1215958564070263,1.619293013438611,1.820684787343195,0.7533762490189675,1.2982370039045037,1.557526836821225,5.3722860920688,1.161191907705133,1.4507123067543084,1.1999647047293527,0.9034404704013247,1.121978762376136,0.7143125937406545,1.418954191177364,1.4497395212858493,1.6521788039834,1.0731708772004076,1.303612650906584,1.8680481765591601,1.3245188120060991,1.059086395067439,1.8514086761733672
sim 0_0_1000000_10000_10000 - step_10000.csv,1.2416985314009548,3.3156898657276335,0.9642309029100629,2.3677400240243784,1.4163256393764225,1.9959136610135069,0.8261594402926313,0.8197708349588524,1.5927160118171103e-308,1.2178623521334613,0.703399016214517,0.7035721311956475,2.431819867784144,0.6610557079025403,1.4299735007111174,0.590790340921215,0.8460387024379816,0.6766063492330385,1.0313108746826671,1.474998454407399,0.7358427783151082,1.1641373291431645,1.025324599118731,1.1356780749678037,1.251784656791994,0.5367668182827039,1.267780209595041,1.5016725996019522,1.1342362839336502,1.2484877197144666,1.1569276203940229,1.073835615778317,0.9685497054899361,0.46092848327904967,1.0724886132464375,0.7848108061950887,1.397865672960993,1.0061033455424493,0.5893342384015412,1.1727106607517062,1.4030018924827201,1.0086826562028166,1.834083861283359,1.805840687080405,2.866566935309997,1.1815041499397756,1.2625697736317143,0.9992781809128397,1.6537823463342036,0.70153608223396,1.2953016912789383,1.1278100734039418,0.46875956167026445,3.380969799187012,1.2823805726402497,0.8588469201577791,1.2584276365911444,5.502507280592702,1.0188558989942464,0.7695099533782148,1.6061493348618043,1.3893552780142855,0.6122913405303505,1.4408093297350053,1.1096410256650815,0.7111650582618037,1.046074223084865,3.6302827310745833,1.351470502404477,1.0073004056720796,0.6966312604980764,0.7241783972578854,0.899155380973145,0.9674606942469914,1.431377209563145,1.8916042537939681,0.8338119768752712,1.339086483478372,1.070007422413445,1.7507845768113564,1.8043560159113934,0.7300565742810061,1.0001900046505812,1.651561927706808,5.3722860920688,1.0704684586429332,1.2373654553325508,1.02296436820248,0.6836669876722858,0.9866043542292227,1.1126665235606046,1.3371394089791728,1.482099614775997,1.5946313709797835,1.0799572729412708,1.3229048895284796,1.8232253798670113,1.3498499293151385,0.7776029790268666,1.5699252601327949
sim 0_10_0_10_100 - step_10000.csv,0.5969001084093355,3.3156898657276335,1.0701854667570663,2.39515379335856,1.1791963762177475,2.1137796238985205,1.0889444662122774,1.2476446876769902,1.2178623521334613,1.3207946213216075e-308,1.286373002386324,1.2313367686261056,2.135782306487773,1.0631672435594925,1.0228549558142817,1.3210912063961464,1.2990723378398155,1.2777185753002511,0.758245830430436,1.4378435360726298,1.1383030167066792,0.9451767843324843,1.136545467410616,1.225984037438369,0.7541628264060947,1.196347566198809,0.7305016502736468,0.7895930664086048,1.2647975765517259,0.5962906914147128,0.9542405984010447,0.790379890232102,1.260040266661293,1.310209255536182,1.6428413778630757,1.3665356414870002,1.1785064679136656,1.418207384617416,1.2049155806672172,1.3259258151103932,0.8355146080606097,1.453058524369502,2.1422991709195847,1.8478679523100352,2.7963577014235703,1.1970156410675594,0.7791691811452415,1.29225253453121,1.1605364920649208,1.2607462704969015,0.6132105577069327,0.5882405434934324,1.3061801336123544,3.0859503639171315,1.347429282423617,1.2179479160313003,1.2777792855484877,5.502507280592702,0.7763071033754034,1.2627558076474976,1.2024605343999983,0.8360554341316462,1.2904728528938634,1.1701487353390405,1.2358307756575957,1.1002813874497832,1.2191926143550134,3.6302827310745833,0.6378171077311574,1.304211286517707,1.2385945652140187,1.2495400177856402,1.45532002445949,1.2837855683301411,1.1989033033990095,2.384850108063251,1.3157744491803527,1.251050135561602,0.8592174829374564,1.4347478971132688,1.7159553102102052,0.9621633818973265,0.7202112701792203,1.338454667796382,5.3722860920688,1.4809839852720827,1.0200255391545259,0.6971592870452081,1.3163033145455305,1.0666159708981073,1.3590274548959886,1.2427188226858839,1.0615726873939089,1.5221286353421704,1.0638922402219873,0.568852308431719,1.7362219819105889,0.720088957621055,1.0246955462885037,1.079889596143838
sim 0_0_1000000_100_100000 - step_10000.csv,1.207828764023688,3.3156898657276335,1.2201082085415322,2.2180533622793135,0.8009335631314051,1.87354838130479,0.9207920457379846,0.8342715689823095,0.703399016214517,1.286373002386324,7.471884062486418e-309,0.7478042875662609,2.22607481717424,0.8577235971590991,1.0955453320845923,1.086366394057655,0.7319569123746738,0.6799927578453175,1.1898825195663925,1.4180026288547154,1.2547100094713866,1.373559798758727,0.8673191549244521,1.0359395522403814,1.3041327811660501,0.8175641294658469,1.2559596526192447,1.8354844378326156,0.9479459887677048,1.3531894285701505,1.220853352097274,1.2352464614178533,0.849771494622015,0.9207920457379845,0.8159539062122079,1.0848659508395713,1.0177211886482869,0.6881176848911519,0.7654327225800728,0.981539765475123,1.3447152039154453,0.6030138256203887,1.6087855396848134,1.7158765774289968,2.8728042357931862,1.0410388574623646,1.4217303277817415,0.8456138171279974,1.7503942247182662,0.8511608761833429,1.3556150811569347,1.2052252725671169,0.7396054941162687,3.1556714775884664,1.173454942027365,0.8444749498045052,0.981521433114123,5.502507280592702,1.284752532872292,1.1616699817225002,1.1850772282679765,1.3556150811569347,0.7785234461846002,0.9034449666077169,0.8849875804005318,0.702247111937166,0.8001618016353333,3.6302827310745833,1.3579883346648245,0.776034659036883,0.897812703146732,0.8765691599544052,1.2597759390976186,1.1968424539632379,1.3380749486976935,1.7694858451324755,1.0001798475433021,0.9147003703849315,1.3370392065428796,2.079939357687706,1.7281849495581199,0.8441335932959237,1.4010075906462127,1.1864223819532178,5.3722860920688,1.2130364526013455,1.3280543484011016,1.1125603411337224,0.807131031582644,1.1125603411337224,0.8969294300135839,1.167953603559125,1.5701927619491443,1.7486673266395272,1.1729744028011346,1.2398174637622812,1.826514492597056,1.3206608066180596,1.0175527111053349,1.900277011589643
sim 0_0_100000_10000_10000 - step_10000.csv,1.1484491977130613,3.3156898657276335,0.9281079327337647,2.3199524388748394,1.3509296640226314,1.8722335074569934,0.7539859303616483,0.8367802127694377,0.7035721311956475,1.2313367686261056,0.7478042875662609,6.926844742274593e-309,2.384032282634605,0.8152103562711659,1.2797675041868724,0.7076870949458538,0.6715379716324285,0.5921185950038321,1.0623028294038646,1.2920250293811453,0.7164595851118225,1.320940988759645,0.8743719590477426,1.0294000281109532,1.2267030067019205,0.7387112808392312,1.2337798484320999,1.4493713113577549,1.2219716108661254,1.2681513568888327,1.341145707775432,1.2300789228953999,1.1216887069078734,1.0929622902114884,0.9934646426612144,1.0636988745142073,1.3023694154364325,1.235040401952432,0.8943449256524828,1.0924632574844733,1.4020510054178743,0.6534958526561709,1.78629627613382,1.7671128054040501,2.850666433405639,1.0332849928260284,1.2787186772645924,0.8510590237990927,2.00512779847117,0.6682437034912434,1.279069947541469,1.078836378500486,0.8739979277721445,3.333182214037473,1.3505187392235385,0.6793437967877036,1.1102084794773974,5.502507280592702,1.159151928894028,0.9914563103681484,1.5384580545188413,1.30045481783106,0.6451308211122466,1.539026348976897,1.098868963530597,0.6248093627444886,1.1465291389036665,3.6302827310745833,1.2640408448544918,1.2362374620820624,0.7644224589103743,0.7160252778108872,0.8971042809046991,1.3188061463839578,1.1667457040830849,1.6185502175073214,0.8555141495478917,1.4240745604369875,1.2915319741207352,1.698483288567159,1.6377815752086802,0.7459415547329131,1.223496854197206,1.754419457452304,5.3722860920688,1.3980990058243883,1.2367164120086347,1.1076790738102602,0.8647383031423939,0.9997253493587603,0.8130443388714879,1.1545349777902512,1.6748033220986063,1.68466570892239,0.9870270270762215,1.2415591685550176,1.9379102126555539,1.14889604569432,1.128948431163833,1.9212707122697612
sim 0_0_1000000_10000_0 - step_10000.csv,2.1326949025403135,3.3156898657276335,2.702922971323911,0.7812248861668696,2.176500695387185,0.8944494138830095,2.6279934150288096,2.2844487872289196,2.431819867784144,2.135782306487773,2.22607481717424,2.384032282634605,1.0891272451649692e-308,2.5348804232611304,2.6173095267800655,2.117434861390967,2.308015485419183,2.410104405886063,2.5584713548299565,1.4161589265225372,2.5177066643037307,1.700259760811873,2.151946697275461,2.250311351467028,2.3977300708692866,2.6612451814603695,2.669075663788508,2.0350647597110907,2.5072169814469873,2.353005949769516,2.892814611915906,2.171074438633017,2.927122081778263,2.8394705905277284,2.5177066643037307,2.183578440591253,2.512334410574324,2.4428569061981107,2.5177066643037307,2.5177066643037302,2.432158798301412,2.461159274827933,1.060312827566797,0.8721017280050471,1.3560073633558982,2.754667236020831,2.3537967893683627,2.99400645094898,1.914199397966251,2.6654195386770816,2.2518746675045964,2.134679493243347,2.8818229623818645,2.285842592807077,1.8318005782173632,2.318889295617625,2.4532038272809,5.502507280592702,2.7148811168902647,3.1638290570391483,2.526262773051606,2.7746294476465074,2.3293497637677145,2.6524932268344603,2.7390858801734588,2.6797299279782543,2.834571222127021,3.6302827310745833,1.9489358202311813,2.4967493700440624,2.029199766678099,2.345870243456046,2.629085514786766,1.718268215083949,1.9468170194489627,3.163829057039148,2.4021153286831005,2.44313297863018,1.8369104215309324,1.7399845066723607,1.0293662424463719,2.140216917902448,2.6587852836940815,2.906565069498233,5.3722860920688,3.1638290570391483,2.416529353529153,2.4051000955118464,2.3977834582635147,2.5651049152483445,2.4601680160886943,2.801538046099825,1.664385951436782,1.096514744929678,2.0009752252726773,2.271557790993233,1.3966979522392045,2.2640985423776687,1.9411206081982506,2.1404974322317267
sim 0_0_1000000_100000_1000 - step_10000.csv,1.3315680470216638,3.3156898657276335,0.9979937511052768,2.470800579501365,1.2230412166235956,1.996457349780279,0.6421850637749991,0.6490230711625848,0.6610557079025403,1.0631672435594925,0.8577235971590991,0.8152103562711659,2.5348804232611304,1.335417312213536e-308,1.1569094672080542,0.6154264036127808,0.6600791538205142,0.7739370191151326,0.9646689970530016,1.3868553607646632,0.6842616642950281,1.072656092099665,0.8599673406630899,1.2734938161590401,1.1930238516796141,0.757506544798864,1.0705266485701213,1.3945146875564465,1.2169158585463293,1.2030061511498094,1.0636678095945094,1.0076759431664835,1.0397625719700343,0.6421850637749991,1.1796465252919432,0.693330269159711,1.1662997994272635,1.052304151643506,0.727004482005233,1.259889272625621,1.395445769837817,0.6664214604097749,1.9371444167603453,1.806384375847177,2.8728042357931862,0.8980495860480762,1.2963873245236215,0.810782202723173,1.75684290181119,0.8478390692428163,1.2205687174831663,1.1256933692539608,0.6449289819445534,3.4840303546639984,1.3138873857342936,0.7862261264133892,1.1484673068271094,5.502507280592702,0.7873097029013474,0.8472732287379205,1.12815283594876,1.1244781648411948,0.6018298218511706,1.205861720702222,1.0554265971714736,0.7166991625398023,0.8793538554391896,3.6302827310745833,1.0873315027032708,0.8922793491551468,0.7515374851351506,0.8528159657608336,0.6704405751074329,1.0705212497239778,1.4373253936378871,1.7885436983169818,0.6560329800711893,1.0863294155388319,1.154043220010152,1.6436266647658506,1.5702447182489863,0.6421850637749991,0.8686894025360132,1.335389045732115,5.3722860920688,1.0798954242752163,1.233226137277538,0.9311694785385782,1.1100805292348994,0.9311694785385782,1.1186147076353468,1.1445137937685617,1.4265184254386263,1.5951750597465555,1.1096917991903403,1.0935585701822612,1.9262859353439978,1.3999532005114954,0.8806635345038529,1.6729858156097812
sim 0_0_1000000_1000_100 - step_10000.csv,0.9639692458446749,3.3156898657276335,1.1445504202669827,2.3118919459426035,1.281790091074738,2.176167324621419,1.219915279350885,0.7159187073843469,1.4299735007111174,1.0228549558142817,1.0955453320845923,1.2797675041868724,2.6173095267800655,1.1569094672080542,2.134433630735178e-308,1.2163152560203123,1.1378685489212401,1.1630254658835462,1.0636323448162628,1.527925884625212,1.101350880036895,1.3193527997000878,1.1058713977729653,1.391046058667153,0.9806519993850564,1.0426228705932852,1.1467294563126273,1.5150479393459406,1.375600298420564,0.9499719877588921,1.1078684636299716,0.9968016787499394,1.3833957245267647,1.2319082472681835,1.2267418868066748,0.9875058054540773,1.5017655057920736,1.3954441800596002,1.1109494960225295,1.54529757101382,1.3163101586013157,1.2978353094382964,2.0195735202792804,1.988232735084205,2.8321901390274906,1.3563567631943032,1.1782875394589478,1.1593892402014294,2.0035396094116127,1.1572809816298832,1.112321042178296,1.0037796387976936,1.1078096424829518,3.5664594581829334,1.220484277631817,0.9114778093767439,1.4428900915148644,5.502507280592702,1.2372167045562588,1.1034731428439448,1.293201913125215,1.3586132754408293,1.036958990185882,1.3225163738220145,1.2710564526789554,1.0918223822440485,0.9427688958178403,3.6302827310745833,1.2304197491220634,1.2349714561130118,1.0263449894895658,0.9465772824206962,0.8503331800935756,1.3172179573244005,0.9217112172487969,1.5494329570376015,0.7599080837509948,1.284384824813988,1.0582547299752747,1.7595028592010316,1.82428606553092,1.055119078595557,0.9902196100517457,1.5428436202062723,5.3722860920688,1.1217691962809226,1.117663312680813,1.2158385673803114,1.262480220111681,1.1331865087917965,0.7580449847794242,1.6078089737528252,1.673215133039049,1.7770234189835836,0.9684233581948867,1.0055615610972977,2.008715038862933,1.1731605581996396,1.209734671206883,1.919682523210204
sim 0_0_1000000_1000_1000000 - step_10000.csv,1.1893915045930212,3.3156898657276335,1.0841098894632122,2.184978164865779,1.197100135132687,1.8428674793859,0.8118305808477153,0.7775252224540541,0.590790340921215,1.3210912063961464,1.086366394057655,0.7076870949458538,2.117434861390967,0.6154264036127808,1.2163152560203123,5.681851881225594e-309,0.6952184059774814,0.7433816526956125,1.1070746070731499,1.3704390686703594,0.9594421688305736,1.138391639760182,0.8599673406630899,1.3787830172757456,1.2812214768644914,0.746255698523731,1.2423099055140803,1.2355646355657814,1.1356923234807494,1.339579195889625,1.0672517570442857,1.0132263746200003,0.9799370965017884,0.8046262789896002,1.0106868394026396,0.7460950736932546,1.2545139408873762,0.9725112625531658,0.8911069360149426,1.4081127353721319,1.288500052178268,0.7253724182963932,1.5196988548901817,1.6027884423212893,2.690468447099576,1.228785192175409,1.2523451926618012,1.0397081825850627,1.469989535821278,0.9232949994251243,1.3597799964315387,1.1689066170547724,0.9679813169619802,3.066584792793835,1.143231344638079,1.062278765698112,1.2956157316288897,5.502507280592702,0.9918983870244142,1.1389099480499016,1.4598075775601966,1.3613684596999214,0.5450573428249363,1.1431947739566244,1.1374919631305813,0.989597009407511,0.8029934164405857,3.6302827310745833,1.2508569118172268,0.9638219966878978,0.7153407244484455,0.9690186587610103,0.5634948574478837,0.8774267305623553,1.2344118792464762,2.240329204195275,0.5100087975368516,1.2690884220883998,0.9565423971000744,1.4846766127751856,1.8176953591365166,0.7158254810370845,1.0474710468862147,1.4399911509171994,5.3722860920688,1.3021231373959772,1.3309752423354553,1.0057829808035992,1.0221989785090315,0.9906367871410264,0.8272639552982799,1.44498222084908,1.2342748881730898,1.4133755858838013,0.9232791319509442,1.2520778124076575,1.5088403734738343,1.2180866624483366,0.532064314174348,1.2703101344174241
sim 0_0_100000_1000_100000 - step_10000.csv,1.2221628468029904,3.3156898657276335,1.0870453551610577,2.2439356416594176,1.311897574320156,1.7937746398323782,0.79850976197491,0.7550922838354222,0.8460387024379816,1.2990723378398155,0.7319569123746738,0.6715379716324285,2.308015485419183,0.6600791538205142,1.1378685489212401,0.6952184059774814,9.955668290075825e-309,0.9422435926919944,1.1962720404061251,1.159990422922716,0.8402708433713748,1.123801050936442,0.7984416383358219,1.2534175788970883,1.2990723378398155,0.7089844236409597,1.2512145305549334,1.4185042461963917,1.1065866056159288,1.3296064972674415,1.1795985131516513,1.188669318579688,1.0705479383728251,0.8418733592618821,0.978641275365181,0.901991715679479,1.2934376079047265,1.093700109189969,0.765492357640511,1.19356862342571,1.2390650538293828,0.5756282379710207,1.7102794789183982,1.625787993028382,2.8567211197928675,1.1538544716220542,1.2071589725694345,0.9716285025951183,1.5299779639692428,0.8318428867405324,1.3657366309677048,1.2512145305549334,0.7417137709453882,3.257165416822051,1.1322108626753362,0.742228463489793,1.3280303623635596,5.502507280592702,1.0605742931194078,1.148957163071044,1.5017212698055378,1.4417835874192795,0.7422284634897931,1.3363812646787387,1.132453908944596,0.7422284634897931,0.9416461580285985,3.6302827310745833,1.3631067557557612,0.9679534109540064,0.7337232585167754,1.0213805224055612,1.0317481374671862,0.91845507196998,1.4676938950254321,2.015408636158929,0.6284154996963397,1.2743095450118425,1.0709362567927565,1.6629591660514826,1.3951323822571595,0.7492729418224604,1.1795985131516513,1.5650431512127125,5.3722860920688,1.1795985131516513,1.176990948196714,1.097275012753153,0.7864052395614696,1.1088281274001206,1.040987111433136,1.332930447167386,1.2544989950593095,1.5457932465038446,1.0005219139995063,1.2952552112107583,1.7965854002798858,1.2953294444968986,0.6537985966619058,1.495784574343336
sim 0_0_1000000_100_10000 - step_10000.csv,1.1989324299329365,3.3156898657276335,1.1191797532689511,2.3460245621262974,1.0834167011829345,1.7427667394722217,0.8508578703874692,0.9451273051099153,0.6766063492330385,1.2777185753002511,0.6799927578453175,0.5921185950038321,2.410104405886063,0.7739370191151326,1.1630254658835462,0.7433816526956125,0.9422435926919944,7.068536256488833e-309,1.1310433329546639,1.265023933176689,0.740424725644659,1.1105506589671457,0.8599673406630898,0.8515992311424831,1.3462477579816454,0.722163780384971,1.2541445293830566,1.2232092752893653,0.7767665221240705,1.3727819352532054,1.1296722250189095,1.0986510622535484,0.9048424898140208,0.8156012105530035,1.0600620612722664,1.0791664734986453,0.8717410406152979,0.9411138650602027,0.7251798319624321,0.9573293468896268,1.1935023504157263,0.6921028481256871,1.812368399385278,1.5380026778810159,2.7914672648248047,0.8360184544386423,1.2867443356848813,0.808130300663171,1.6320668844361226,0.7096007093874678,1.3738975609526198,1.2401360026632922,0.7987828491917845,3.359254337288931,1.2979762042159697,0.8310966281899006,0.840787431184765,5.502507280592702,1.0352242610842453,0.8714227586238845,1.0221561337293252,1.4234296854094444,0.8941312767962053,1.0139992350372733,0.6957395908591231,0.7307629692614243,0.8047434998450811,3.6302827310745833,1.2867443356848813,0.8501385627381451,0.7981327161538765,0.840787431184765,1.1681880055493954,0.9457452323489104,1.1409273318039954,1.9728420147692578,1.0096409627767429,0.9065871303119639,0.9571816749054669,1.4723212524987694,1.682685075325173,0.8411586465454759,1.0273975833226785,1.2481682021690403,5.3722860920688,1.2373207667123918,1.1645027384187632,1.0642727969753913,0.7763685825854321,1.0328384575352059,0.9154723576434822,0.9336997699596079,1.301742408063559,1.4247498008303925,0.9565849698538003,1.271196473554526,1.8015099179689305,1.2078321745323226,0.7558875171287855,1.5482097982347138
