,sim 0_0_1000000_10_0 - step_10000.csv,sim 0_0_1000000_0_1000000 - step_10000.csv,sim 0_0_1000000_1000000_10 - step_10000.csv,sim 0_0_100000_1000_0 - step_10000.csv,sim 0_0_1000000_1000000_10000 - step_10000.csv,sim 0_0_1000000_100000_0 - step_10000.csv,sim 0_0_1000000_100000_100 - step_10000.csv,sim 0_0_1000000_10000_100000 - step_10000.csv,sim 0_0_1000000_10000_10000 - step_10000.csv,sim 0_10_0_10_100 - step_10000.csv,sim 0_0_1000000_100_100000 - step_10000.csv,sim 0_0_100000_10000_10000 - step_10000.csv,sim 0_0_1000000_10000_0 - step_10000.csv,sim 0_0_1000000_100000_1000 - step_10000.csv,sim 0_0_1000000_1000_100 - step_10000.csv,sim 0_0_1000000_1000_1000000 - step_10000.csv,sim 0_0_100000_1000_100000 - step_10000.csv,sim 0_0_1000000_100_10000 - step_10000.csv,sim 0_0_100000_1000_10 - step_10000.csv,sim 0_0_1000000_10_1000 - step_10000.csv,sim 0_0_1000000_1000_1000 - step_10000.csv,sim 0_0_1000000_1000000_0 - step_10000.csv,sim 0_0_100000_10000_100 - step_10000.csv,sim 0_0_100000_1000000_10000 - step_10000.csv,sim 0_10_0_0_100 - step_10000.csv,sim 0_0_1000000_100000_100000 - step_10000.csv,sim 0_10_0_0_1000 - step_10000.csv,sim 0_10_0_0_100000 - step_10000.csv,sim 0_0_100000_1000000_100 - step_10000.csv,sim 0_10_0_10_1000000 - step_10000.csv,sim 0_10_0_0_0 - step_10000.csv,sim 0_10_0_100_100 - step_10000.csv,sim 0_0_1000000_1000000_100 - step_10000.csv,sim 0_0_100000_10000_100000 - step_10000.csv,sim 0_0_1000000_10000_1000 - step_10000.csv,sim 0_0_100000_10000_1000000 - step_10000.csv,sim 0_0_100000_1000000_1000 - step_10000.csv,sim 0_0_1000000_1000000_1000 - step_10000.csv,sim 0_0_100000_1000_1000 - step_10000.csv,sim 0_0_1000000_1000000_1000000 - step_10000.csv,sim 0_10_0_10_10 - step_10000.csv,sim 0_0_1000000_10000_1000000 - step_10000.csv,sim 0_0_1000000_100_0 - step_10000.csv,sim 0_0_1000000_1000_0 - step_10000.csv,sim 0_0_100000_10000_0 - step_10000.csv,sim 0_0_1000000_100_100 - step_10000.csv,sim 0_10_0_0_1000000 - step_10000.csv,sim 0_0_100000_100_100000 - step_10000.csv,sim 0_10_0_10_1000 - step_10000.csv,sim 0_0_100000_100_10000 - step_10000.csv,sim 0_10_0_10_10000 - step_10000.csv,sim 0_0_1000000_0_0 - step_10000.csv,sim 0_0_1000000_1000_10000 - step_10000.csv,sim 0_0_1000000_0_100 - step_10000.csv,sim 0_0_100000_100000_0 - step_10000.csv,sim 0_0_1000000_100000_1000000 - step_10000.csv,sim 0_0_100000_1000000_1000000 - step_10000.csv,sim 0_0_1000000_0_1000 - step_10000.csv,sim 0_0_1000000_10000_10 - step_10000.csv,sim 0_0_100000_1000000_10 - step_10000.csv,sim 0_0_1000000_1000000_100000 - step_10000.csv,sim 0_10_0_10_100000 - step_10000.csv,sim 0_0_100000_10000_1000 - step_10000.csv,sim 0_0_100000_100000_10000 - step_10000.csv,sim 0_0_100000_100000_1000 - step_10000.csv,sim 0_0_100000_1000_100 - step_10000.csv,sim 0_0_1000000_100_1000000 - step_10000.csv,sim 0_0_1000000_0_10000 - step_10000.csv,sim 0_10_0_0_10000 - step_10000.csv,sim 0_0_1000000_100_1000 - step_10000.csv,sim 0_0_100000_100000_1000000 - step_10000.csv,sim 0_0_100000_100_1000 - step_10000.csv,sim 0_0_100000_1000_10000 - step_10000.csv,sim 0_0_1000000_10_10000 - step_10000.csv,sim 0_0_100000_1000000_0 - step_10000.csv,sim 0_0_1000000_10_10 - step_10000.csv,sim 0_0_100000_1000_1000000 - step_10000.csv,sim 0_0_100000_100000_100 - step_10000.csv,sim 0_10_0_100_10 - step_10000.csv,sim 0_0_1000000_10_1000000 - step_10000.csv,sim 0_10_0_100_1000 - step_10000.csv,sim 0_0_1000000_10000_100 - step_10000.csv,sim 0_0_1000000_100_10 - step_10000.csv,sim 0_0_100000_100000_100000 - step_10000.csv,sim 0_0_1000000_0_100000 - step_10000.csv,sim 0_0_100000_100000_10 - step_10000.csv,sim 0_10_0_10_0 - step_10000.csv,sim 0_0_1000000_1000_10 - step_10000.csv,sim 0_0_100000_100_1000000 - step_10000.csv,sim 0_0_100000_10000_10 - step_10000.csv,sim 0_0_1000000_1000_100000 - step_10000.csv,sim 0_0_100000_1000000_100000 - step_10000.csv,sim 0_10_0_100_0 - step_10000.csv,sim 0_10_0_100_10000 - step_10000.csv,sim 0_0_1000000_10_100 - step_10000.csv,sim 0_0_1000000_100000_10 - step_10000.csv,sim 0_0_1000000_10_100000 - step_10000.csv,sim 0_0_1000000_0_10 - step_10000.csv,sim 0_0_1000000_100000_10000 - step_10000.csv,sim 0_10_0_0_10 - step_10000.csv
sim 0_0_1000000_10_0 - step_10000.csv,0.0,893.8477358372023,445.3076372022845,687.3881084438103,592.909059722846,632.6673724721265,738.751306511858,385.47043772443857,435.2263020550082,100.81458705991459,478.58757779889754,421.3550243217146,571.9202471701929,676.5932623637254,673.5785982507662,402.0273543100437,387.72408326060577,439.3436093742335,771.7439450446706,285.85838996330153,435.09331092719987,325.2826213316684,542.8010261945606,570.1782699030412,395.85343829059366,439.4672160500085,350.96360756829404,435.4357626863714,559.729962180918,116.61518991833007,460.8276330988504,429.62250910775884,585.9491966258153,392.28798236153756,736.4642661407871,355.3917889425957,569.8266162667873,590.7005276150805,472.88495039275085,664.7795819900967,578.7922604062612,355.84728923514695,558.472643857883,709.6517001677765,645.1132996262576,532.6691248318564,422.6242678113676,470.2772225421836,150.17697828233972,474.2634027574646,148.0350546781505,420.4231489771155,369.28264191429173,827.6371711276983,330.37197299710505,373.5133616742574,609.3733413370228,857.0142844093662,738.4525343638684,458.8160552811829,606.5706256480503,139.67016372778744,625.0923086697036,602.113335334945,639.7623008271121,583.567106642784,513.7665346165824,904.2696991013654,418.21325540766605,480.5396444928792,448.1848838070002,473.0321921125519,377.4901781663012,264.88136379627923,297.0665349495748,804.8814787307093,348.8464605188266,600.3175538592202,456.72632051532986,292.004729253331,604.6837428635476,665.6156172127443,543.7231965511082,673.6945191811938,890.9443305531884,474.33263555680884,519.5928523129305,742.761492261656,479.35208701849024,738.6600824588718,345.2020298947388,608.5294011607358,449.9744426786185,597.4239153229125,183.98695083978572,831.4179369182724,301.28468926928946,526.7347741354729,573.2481065780072,446.8750624754823
sim 0_0_1000000_0_1000000 - step_10000.csv,893.8477358372023,0.0,1274.929365688775,1064.067982576948,1265.1657531640267,1045.4792500913168,1413.4330616635218,1137.5503309255062,1226.0835476348527,816.5760295393587,1258.5270898034325,1225.922225469522,985.0053865059544,1362.290541803287,1382.4346650343773,1142.0904614742906,1135.021321653404,1240.5004086284653,1514.8645465972622,850.5859352334802,1229.0828976086227,855.4495679303637,1288.8707596327317,1246.0067780452891,770.3868586305476,1238.0461727773866,747.4422603855385,734.7234436346095,1239.574637151689,820.1641422636492,928.7386775423826,1094.5022867269133,1268.1021701667416,1151.5189622959615,1417.6968696234876,1094.5920632297784,1251.633530737955,1252.8535634717985,1251.8035636401346,1305.3120486960897,1283.066766755767,1106.7407000502997,1045.072388802343,1129.6378176813084,944.6865438903008,1323.9250473582392,745.3800280296191,1252.175416250095,785.3991690264465,1266.9486607054819,796.7652891514609,749.1753138551602,1125.277568720492,121.34164517558106,852.5361092156621,1129.5234119789404,1269.3068078901533,73.44781230517151,1481.4169355632348,1286.6801040643659,1254.2910025664828,767.4777308951533,1348.8473354848506,1258.2492909162881,1288.9646425512017,1326.8265879257901,1263.1504264090768,98.95646543702665,762.0731314012153,1262.918844765617,1245.1196189629766,1242.1682271980976,1098.7019034318962,891.6535582599021,830.3829284552352,1524.047073712757,1129.3281298773265,1288.0539872175545,1129.1213036044962,802.1625887761179,1104.080111566904,1352.6851047891446,1376.6335513213457,1310.6547433724215,104.664501432202,1287.8310826379668,949.4867917726893,1495.3510434074665,1251.4229535677664,1477.4545358216728,1103.311698813552,1277.832302053875,818.8599244093143,1062.8838644308844,986.6187681184258,1536.2189081111767,847.7750115511896,740.320379855208,1313.6485317792583,764.7153796856845
sim 0_0_1000000_1000000_10 - step_10000.csv,445.3076372022845,1274.929365688775,0.0,1003.0536965819855,382.76684557467473,953.5050827559148,803.7712627653806,573.6686869579925,499.1274657895316,523.1119052047512,310.9894403101632,482.18326323362777,917.3781611172009,819.7725060277352,734.7391064555478,560.2167345674676,561.543431931672,321.56545347351874,740.0855946138455,622.9826662718517,472.6397457048808,443.97964010032865,632.549231950562,399.0791502159539,626.285669461366,527.1692077681678,619.8952594626942,671.7327598383348,354.87531878030103,534.3250231335858,519.6421425770625,253.72306310934027,359.57045531836957,589.0447658471688,801.7086224894358,589.3255722475106,382.8086688090163,386.90725950274714,489.5681761835455,413.2607491001204,236.31398845748186,518.5953500506901,856.8813843190858,1005.7649018423724,1001.1449673249756,307.15994221142967,650.9755088184096,351.91350350692073,574.5192222684922,343.6101963323918,576.9510813918776,650.4813205708263,557.0111766467093,1216.229545754405,454.1756669577904,534.0058549724046,408.26837370682847,1239.9259912571358,705.0408127879555,49.46957680259154,398.1448571554669,565.567969785005,712.214951096983,387.9429055216144,432.6915614882859,641.1050929491955,320.84010338381347,1285.6254774060544,645.7901641375043,347.6777828352028,529.7560971955044,301.06921048878166,554.5644696541444,545.7648235026243,450.71496243975236,393.51679792607143,571.88050754537,366.58473551383605,263.31257588732063,606.828410089621,899.9781274565313,763.1528691734433,398.487088222198,433.7537713569675,1279.2122813678782,71.17275384705962,538.0513430642486,686.9404088420647,322.20228440134946,708.4118645413744,545.4649633246611,405.33000211478225,607.9797172177553,920.6888413548129,311.7513093978512,825.5562295241194,629.7829899624119,701.2450657680386,663.3904010536447,664.9473320924737
sim 0_0_100000_1000_0 - step_10000.csv,687.3881084438103,1064.067982576948,1003.0536965819855,0.0,909.0848849483732,79.54905017486962,568.1624031872594,695.5568337682001,715.6592062019317,662.4006680646067,810.0459433580698,704.6234301882122,127.34583635285105,568.7883355691702,584.763463860126,723.5829037772189,699.7937880880413,796.1441390336869,788.4906052909473,635.0500929936406,729.3769456135245,986.3244632966156,604.4364764347715,890.1606527732133,1038.926015043242,715.2424812949774,989.1904445811302,1068.2549983408678,897.680026366566,600.5107759486343,1133.4784174990793,1070.3311175070567,915.182473724743,713.3045714157538,586.8041218569416,650.0680168924303,885.6743542675149,903.2007231787796,765.1217891413045,956.3247542398983,1169.9121698382955,698.5242972236628,169.40401085727342,141.20052341527253,172.7122479638363,849.3745920056323,1070.692227357668,816.8839652221529,614.1586350418092,799.6464294359961,609.8314634826382,1064.4060127506502,685.9898817516565,970.2372378228706,989.7741081198807,692.3762167212926,939.5387221028044,1064.9248603356748,766.3274189885718,1029.3305647292793,929.6209025979308,645.1356259785663,596.9593652657015,926.7612115705249,936.8646782119308,604.5851659999428,845.6775345425123,1118.3414827633735,1060.8306469333472,820.2290024260492,722.3073629733077,824.9488339283733,696.2957453506008,674.9789395012609,944.7339528870934,1322.9860862503342,656.5185198392758,918.2695068827578,1088.9451643990365,695.3387998258518,184.7022848609182,549.6995012589837,910.988424163006,988.011373686668,1068.443964624783,1061.5496912371025,1190.153722377964,797.809301923042,830.8613100704595,769.1194183840797,667.9940565484454,921.1960638408345,1107.8580857241602,222.84036372947628,811.7589310945954,766.8180909540212,655.8012661982486,1157.4594911367085,597.3812854482408,1091.8269853363088
sim 0_0_1000000_1000000_10000 - step_10000.csv,592.909059722846,1265.1657531640267,382.76684557467473,909.0848849483732,0.0,835.4902592296917,706.9563123196626,298.8689454891822,258.959165383179,632.2060976759548,159.3138492340472,287.56043535181334,833.2046424159438,682.4588921192159,632.7860368735764,286.2717807833319,288.4449550010757,194.82327640523107,796.7952117687958,455.90201396141003,241.95048228164626,522.4135316955061,484.4057563399828,45.23595010610195,694.8622186425796,299.0692686691649,690.6274710227527,740.08377642572,51.13310378250693,657.4228610176064,588.0980031869657,478.78623944135245,44.6009502701406,324.55408306918645,696.6755034616581,322.59471056776255,41.10010559060578,38.3564614660876,239.0223107497081,99.57317936047224,560.3471264643592,260.7611407796635,785.1032218540034,817.967148479076,964.3352895658626,148.30824077672003,719.043713043022,158.36400871876035,654.5423386207194,159.2788480940588,657.1523848736543,719.2354576513283,284.315817304755,1191.7898113894114,529.4278204387252,272.99721882108895,39.90658299563943,1233.4535174387152,754.5107354992055,390.9725467395448,45.33722970088513,656.9263360932089,590.6815781879894,41.708608853650844,59.34676293004259,522.6776910600313,114.60869176322569,1271.859852526755,714.4437282319054,156.5397834292901,304.4592101091858,146.52656671065654,267.96913830210406,431.0051020516603,515.7064464749516,730.0044791972485,319.61526238597605,39.459319903797166,529.6757773435248,479.57018443371686,756.3697395852552,640.8391371967458,714.1063368446235,92.13330699316165,1259.0199811582168,378.8066040674284,601.090229684217,757.7868427410867,143.80803158457337,770.0324441271149,277.79535208326,41.24855799187636,676.7690460670456,724.1790998349976,472.9698296562428,842.1141935800304,443.40501739192655,768.429605933747,529.6677741917248,733.87622316449
sim 0_0_1000000_100000_0 - step_10000.csv,632.6673724721265,1045.4792500913168,953.5050827559148,79.54905017486962,835.4902592296917,0.0,531.0331448829496,627.3061934032994,645.4512432670344,609.2172941457594,741.0715154030431,633.963240227957,84.75087901190594,506.8960330138724,530.2092489440204,654.1040384613802,628.430878726375,726.775109157773,749.9249191368408,572.7186223122189,659.6571488813067,929.8337782903279,533.5231401513444,815.8228228383624,982.0786646028479,644.4913065479383,932.8274406762332,1011.5921443627843,823.4781441603628,548.8237264793222,1077.4020770077843,1014.2088067819745,840.7947196563309,645.5573826680057,545.1652541068311,582.984816691879,811.3222149251646,828.9946541534161,697.0999674293648,882.7338961921924,1119.1832067710257,625.5594283637586,127.41056952621038,109.87417846115223,177.27059652432234,778.689941214439,1014.1888273896631,744.4584594767807,560.1894342088442,727.2348139245817,556.9490829518409,1007.9020729465414,616.1346804444808,951.1653432761635,932.7309489909809,622.3265374734073,864.9193416381856,1043.8368291933916,727.8907537923675,978.773880834004,854.7604330077713,590.5262489351436,528.328146945496,853.0556238906433,864.6036125901488,537.4170937318563,773.9489298824036,1097.2360053363511,1004.5835003335158,748.7404714625029,651.4369453165457,754.5988537333433,623.0048243272331,613.2767887467176,887.6023836763959,1281.913133748726,586.9325013599671,844.6059927336177,1034.1538169232595,639.2855351597578,136.03953846895902,490.3699356789674,871.362939529367,914.1214801128458,1049.784203814676,1010.782205995928,1133.8803814784642,759.7600479706582,760.3520155735926,730.9254991000164,598.7644083706507,847.4984285374741,1050.6564270488013,157.2698570963447,763.1425273869655,727.6505099114509,592.2894693311896,1100.4526654351944,527.1643148858662,1035.272402754604
sim 0_0_1000000_100000_100 - step_10000.csv,738.751306511858,1413.4330616635218,803.7712627653806,568.1624031872594,706.9563123196626,531.0331448829496,0.0,504.0401335902885,465.0542673129108,762.5396744854903,626.9311434539168,455.67864647228237,563.5690457890006,122.97864853817393,79.88725312449975,528.4674716758732,525.1955926280979,612.0984879483614,305.1946489873736,718.6012053295324,486.0068695077035,981.0276639631137,228.9167789053263,682.3397810305831,1092.3094292704445,438.88347335605573,1052.7503114333194,1128.8864575401208,734.5263775978402,726.134700840986,1104.646025925261,941.7320190679767,733.6693000527931,482.20118426814395,54.0410772855349,515.417789415801,695.5181138627953,699.9969263414881,487.15741672597915,768.2881509895506,963.0988290996027,560.0114872694976,472.65334372094003,456.1774293896186,702.2370304353847,607.3720987389197,1115.671506717129,597.950131998382,761.5875394652679,578.8830513582242,752.7444385471516,1113.2551023820615,519.0240258148555,1327.8207891275458,985.077419564713,535.4627598398711,718.8240520389605,1400.161302798408,297.66390604088417,820.5826417217824,742.2856707212695,780.9820373451089,135.51894615897817,735.3054048691735,695.575915142508,189.27875287799722,645.6634142916643,1435.5090647275606,1111.172095033661,595.6510691855029,422.0497018345785,655.63282666341,559.5376210429374,744.3741796111985,954.9899885185183,1042.1318696853677,483.93228570277694,710.4126062854023,949.0066837159052,791.0913790901376,422.5989130785178,83.88028038188689,580.0783895968467,767.8937872126644,1408.971303854755,863.1030959850768,1148.852571722262,344.71464066831413,638.4936520884056,312.84197801433305,529.9670761873841,686.4785139344281,1127.2380649977476,439.8384175439783,776.8991927713322,283.41962950336864,740.476025719212,1207.2806415156572,186.85422716465257,1135.6946864639806
sim 0_0_1000000_10000_100000 - step_10000.csv,385.47043772443857,1137.5503309255062,573.6686869579925,695.5568337682001,298.8689454891822,627.3061934032994,504.0401335902885,0.0,125.62750019235796,426.0529651190765,277.84029090437724,176.47339172249121,627.4155484478255,448.5909756697332,439.07874528799783,52.7729997523793,47.96248039158741,262.7389175226249,685.4781230934849,307.914575793649,140.79592787842955,495.28701385696513,299.4351725553637,264.67183185799956,602.4228148969696,145.98614055471768,588.5355415234411,653.901245067077,329.56321191316107,442.67848382506435,624.903306891109,606.5653644536789,336.11625853740077,63.857535207640126,496.18201220915705,75.81725753758496,279.32005802384606,296.74411361050926,129.7363878076794,386.5112861963541,742.7355284110736,72.18496402403407,586.6947454333908,591.4889153263542,757.0533301066781,290.6910694743864,635.0996128364801,229.01034902081716,442.1484219504935,235.1582284259441,443.52100577002045,634.5567249284106,44.63613302608468,1060.467935681323,500.0495480635576,58.96069508098664,305.02498064221163,1108.1333459869693,645.724154592525,601.6160856525721,332.1727230801801,448.9927399744321,387.12995883901414,326.8918211818297,289.47237487742194,336.2366757824526,271.170089837056,1143.6168169489927,624.3348028792332,236.71147510027708,149.09503119396803,289.0390450658573,60.02822848819595,290.04432251250904,460.1599829521713,959.9991441326888,70.52663895430962,317.28903621706337,639.9075841697966,361.04921087289273,544.7316308495767,436.6799062976106,681.9352362126892,370.47177125700347,1129.3140674142132,625.1397634768642,676.0109488473373,663.9538000828886,264.49270722111606,665.351668951975,55.21557335989971,277.10350093083775,626.3265356084045,505.7598726055751,372.2328249802813,712.4847833880585,314.0676891332268,722.0220934620104,326.2725850210778,659.1399351899174
sim 0_0_1000000_10000_10000 - step_10000.csv,435.2263020550082,1226.0835476348527,499.1274657895316,715.6592062019317,258.959165383179,645.4512432670344,465.0542673129108,125.62750019235796,0.0,488.9286849403921,209.58338484899065,72.70642533426259,647.0542197797167,430.869304544599,390.43393633850974,132.2732829512103,120.72851169846105,193.8449807592552,608.3672235553945,404.5396674402869,51.272969290058114,544.9847057972813,240.4005346973187,230.06238840074278,709.4818442325258,60.93449163630592,695.7355489289325,760.7491127233848,287.81870856002513,495.49421869091,661.2937873963673,563.8307302308817,293.3221288972776,141.98636757014685,453.23249151015165,137.58866125646935,243.5301637212705,253.21779491395344,65.70386597132176,340.8565173159642,685.7759963120657,150.7356688053169,593.8384384517127,606.8931647531602,778.1014583716521,220.68392719925745,742.2337370900115,169.78580106906733,512.0603780476742,164.84954092803943,507.11366116688976,741.7133051302615,121.17418749122324,1148.8286110160273,552.8096971880942,128.88691738875428,269.7131522863757,1196.8931004395176,567.5494756774772,526.930948322234,295.8251367543029,527.2076839072399,345.67113275186955,288.320733319127,253.11097671732193,278.84015921987276,213.71726296647344,1232.2163007516315,732.0818158291527,169.80674735653423,55.86665952002283,228.94719531007047,154.0399854171428,393.7570665941147,534.5963474506582,879.8538200145857,103.82807680281219,273.25102674361364,599.8934849480543,457.9317337269608,553.4009919492156,395.2520914991281,579.1009668890194,332.72695944900437,1217.6575220580771,552.6290589205679,695.926146932536,579.9064334136472,203.17832107126176,587.1425878347536,141.59478528299118,238.64608904894106,719.8597355655056,521.4414957996638,409.29521973780254,644.7881665750307,413.1455777437197,824.6246295692551,283.20310822773376,764.904908707331
sim 0_10_0_10_100 - step_10000.csv,100.81458705991459,816.5760295393587,523.1119052047512,662.4006680646067,632.2060976759548,609.2172941457594,762.5396744854903,426.0529651190765,488.9286849403921,0.0,526.1176103648903,479.31513294585534,545.4748668216628,698.6037631294215,701.090966862788,439.4753010326458,421.2384071305233,489.16883275124695,800.9322624295953,252.63907752782427,489.3835826499019,355.9001063821216,582.8817994316398,609.0702890843021,393.75671328102027,495.67167043390623,339.9614566711489,424.1431023669869,599.4756561496646,83.06272048331488,494.71495997160883,492.2124979908793,625.7005391119353,435.22515850212204,761.2906728779257,386.6200692778745,608.8282826276011,629.3800396346217,525.1266019855689,704.156821167209,657.5043091383714,396.70084811630994,542.7938226068854,691.7797476329127,595.6782943004896,583.9899452039107,423.41329620902013,518.1651422964773,83.31907952472943,525.058386020628,83.11220719830231,416.9921950503665,409.4621621744021,748.1646252342213,360.51976010983066,413.16947721285766,647.9869978707183,781.2775558438668,768.7422950656403,543.0950333949036,644.9717473703955,68.93324303567758,654.3000424268822,641.6089329646613,678.897763736944,622.0395445979191,556.1845888033062,824.8272975442164,413.83216851860266,526.7991543390538,503.86123648770496,514.7161909235439,405.13690624462606,257.162167614263,312.95009315045667,887.0267712484012,393.28838126116796,640.5169635968963,526.1067049674493,257.1456877554384,592.6790185250642,689.3535981872127,618.1707762849045,713.9003215645553,812.7311247558043,554.8736265466924,555.6642989876931,777.0742108808689,523.8570832591703,768.9587413038124,386.86014364732125,648.6531088080178,463.121632149277,574.0916928475281,249.27245552640863,857.2045051708045,263.18895343818826,519.3527955303897,609.6256789956765,444.8525307105419
sim 0_0_1000000_100_100000 - step_10000.csv,478.58757779889754,1258.5270898034325,310.9894403101632,810.0459433580698,159.3138492340472,741.0715154030431,626.9311434539168,277.84029090437724,209.58338484899065,526.1176103648903,1.7763568394002505e-14,206.44804550316718,734.4206404594689,614.0510619651467,555.0052255874658,264.3063236729533,266.3391210274522,56.054309992172094,676.6827748459896,421.1847676899351,186.2604980453648,510.4860973712975,409.05164481556864,156.16860595582096,696.7805067920561,246.96542887618043,687.2015449063309,741.8890160673105,135.96814993965782,545.3782792147209,604.2344076344169,406.0714888840036,147.55498418133962,291.7536627031103,618.0889390858423,294.7823078221601,147.3036039612672,159.03832583523942,195.95191667653424,213.1093469390994,517.5926874754415,225.60917965642432,665.7820994706116,752.6243196820935,868.7841895546595,67.8699791728151,720.9953890759462,65.22044168344203,547.122945282101,58.86135574567181,549.0573931648406,723.2935653071016,260.9920437645907,1184.8564888543397,518.8647899721195,238.46938160604623,184.55664295125518,1227.073882466389,634.330716212758,343.6102971399561,179.64088003778463,556.5444828948159,515.3657883271534,164.25287820154415,201.23040431913049,445.9762220494772,55.127243150359114,1265.1350601600507,717.5833312095497,52.85576730802883,246.21996047203388,38.510092474943775,259.59370981741677,395.5042326166357,508.946994987229,685.4302135600219,281.16618990129484,149.34628647613147,447.0977995321315,469.1743191898667,664.9412270142084,565.6107154188649,563.5620820855887,228.2052822354161,1252.3484409394646,353.3688434431738,627.8126175355267,630.0502071092892,49.7491208961017,642.5733956354408,251.63967217622314,171.68021522092158,684.1848174030457,655.1345503204531,383.1506427264107,727.4975519152563,425.29917138837726,783.1774045222678,455.16866989892446,740.8419932282854
sim 0_0_100000_10000_10000 - step_10000.csv,421.3550243217146,1225.922225469522,482.18326323362777,704.6234301882122,287.56043535181334,633.963240227957,455.67864647228237,176.47339172249121,72.70642533426259,479.31513294585534,206.44804550316718,0.0,630.0821091460303,419.88651661142495,380.66706931079716,169.99185099628187,159.0037340901836,187.89409617292418,548.0778285922747,402.71455072652435,71.29095598321061,548.6004036871548,229.210150838809,261.1156171228354,708.7462421984399,66.60203149101446,695.0683340817467,760.0839407605195,298.24058292483926,477.258040354357,665.8367332396415,560.2540825714653,305.9985857893164,166.23931358976023,443.8545691248934,165.13125828966744,271.00521606829045,286.16909737802206,109.0800358603381,372.345580728851,672.0787816197032,154.73749081997983,561.5493324262283,597.6216227921344,764.162709556703,216.86309102543024,741.584015981817,165.23313000400884,505.87267055454157,172.7474470219913,497.66516221523693,741.1818504923899,156.36014281586475,1150.0613483840125,554.4053649601643,147.6949754680439,294.00061321013504,1196.1170112323314,507.06628341152435,509.89808442603055,313.9095079349186,521.7962857160313,334.3610372162368,299.32229034372773,302.28613218403905,270.1415416876205,220.29641567788534,1231.9029645094295,731.3963365575944,165.113536076552,65.09069909739227,229.11580967763987,183.3183930941904,393.15459842192615,535.7460028040678,851.2419096379998,134.3919716495239,292.6292525969171,591.7682774378601,457.17776694208965,538.5775393835985,384.86287165441104,524.1217317985165,356.0343327823522,1218.9436034908244,535.3559112036529,702.0681299395675,519.1998022264861,205.6790004994099,525.7750801110716,167.71967085101417,275.96876505612096,720.6336276970355,496.3217473114076,388.37760520162055,583.9225693037224,412.2880863004685,825.3018604309142,273.3179492691237,764.7348226308578
sim 0_0_1000000_10000_0 - step_10000.csv,571.9202471701929,985.0053865059544,917.3781611172009,127.34583635285105,833.2046424159438,84.75087901190594,563.5690457890006,627.4155484478255,647.0542197797167,545.4748668216628,734.4206404594689,630.0821091460303,0.0,527.8129766833132,557.1956455193372,652.1389538981534,626.3283444111587,717.5734646984175,764.1983563614515,523.593241039956,659.4413997309398,868.5573952146609,537.3714938694152,811.8058308455516,919.0432738735703,646.1796237467934,868.715289850832,948.1763895812504,811.6439799821459,483.313748985779,1016.0018420945231,959.432115462038,834.5147444929072,641.396656907116,576.1009454996727,581.2369516102228,808.1090240783285,822.7234061365282,699.7838714731366,883.3368175816961,1075.2921961548846,617.2119028601826,112.20984328823137,183.01712059173903,157.7037616737847,776.2212261188974,950.2993889429852,737.9726751928787,495.52490264376445,721.3449011544102,491.51563413782105,943.7829388569893,613.6387392767845,888.6433968403111,871.887598884883,619.0245824598994,859.7823386684248,984.5358109300315,740.8422873002158,940.3428236086395,844.4286507983286,525.7350089122327,538.336751764465,847.0381586158858,866.139110709495,538.0661318299701,770.1353459512661,1034.677525618639,940.0557716831385,741.824362608104,651.5204084131204,743.5810712183318,617.814183576911,571.0205353207274,825.6221061546676,1253.8800448075265,583.5406124655079,841.8159041231952,981.8140751342951,575.2558902427143,147.91931135549788,518.9181498718493,859.3923807317968,912.7246387737204,987.2547634111584,969.4408915698431,1073.1260649982523,769.5305964010481,754.1354920183087,742.3352679578652,594.3486289224658,845.9483551022188,987.6145737587638,155.4742735905648,719.5577905099227,745.3537103563334,545.5932965070738,1038.9628569743304,531.8084788120086,971.3364507186707
sim 0_0_1000000_100000_1000 - step_10000.csv,676.5932623637254,1362.290541803287,819.7725060277352,568.7883355691702,682.4588921192159,506.8960330138724,122.97864853817393,448.5909756697332,430.869304544599,698.6037631294215,614.0510619651467,419.88651661142495,527.8129766833132,0.0,119.43973762347592,472.204930109115,468.8900777381031,595.449542047684,379.89233737450047,654.2855490604661,450.74728279367855,932.2125153698422,207.6782474973107,655.4573407344126,1031.2963673068991,395.38031684842736,991.201659242355,1067.4204649242024,712.9713007203675,663.2546070114589,1061.3863390735376,931.8179957414261,714.3414154496974,426.0481981716755,93.6229113876754,454.4107368724907,668.9108628758679,675.8437065631632,451.616794901877,756.3933821496488,986.8396334983162,508.2462426117372,449.6366613085614,443.8930469938468,670.1323191604939,604.2401621797703,1055.0003887076225,577.7684116941875,698.2188344796773,561.866039723054,687.6632373017056,1052.6826445409883,462.95177837974546,1277.9750334771063,935.8636598916689,481.4124217887624,693.8682392009108,1345.5085165836886,369.43385147721585,843.2060370036858,717.9045087625642,718.9737829451275,113.42916876686718,711.212785055559,671.1919168770135,183.7754603379651,631.4525979645434,1380.0035521062146,1050.0561252524935,576.7795152518793,386.35499911078193,640.3720357743507,502.05920955207716,681.3366562832782,900.9151781321211,1112.8683428980094,426.48422883135305,693.4663491683704,946.0498158560555,725.9866173423648,407.76798331670204,83.12644920970786,657.0454615224501,751.4841544500695,1355.9237167667443,884.7831334192612,1107.1482514265422,420.22576830060103,620.4162089600201,388.77589027721456,477.05426213869566,661.5293210228742,1068.8267091688992,399.9613294014473,733.398772569125,385.59833071119533,676.2424120248969,1147.2034404814558,162.4858404214471,1074.5041051255334
sim 0_0_1000000_1000_100 - step_10000.csv,673.5785982507662,1382.4346650343773,734.7391064555478,584.763463860126,632.7860368735764,530.2092489440204,79.88725312449975,439.07874528799783,390.43393633850974,701.090966862788,555.0052255874658,380.66706931079716,557.1956455193372,119.43973762347592,0.0,454.7093932822749,451.1153979709787,538.4368306215528,301.7460817273761,658.1138853335254,412.16295420160276,905.3315630263626,156.5475123627858,609.4748954391428,1021.4661596997547,363.5609097812444,986.4017727982337,1060.9206645468446,660.1717506198423,671.3402108988386,1028.7908573548616,869.076389468155,659.887017872651,411.52620742711855,71.45553083405552,445.8556564555836,622.198614310932,628.5398177372048,413.67794586370746,701.4422430299284,899.6136528167187,485.3369725620265,462.4097814915767,476.95349675963416,698.524076425278,536.7250561014035,1046.3536619477077,523.9388535616634,706.7963354793567,505.3993207324965,694.9712208022332,1044.7362329664873,447.24004917718906,1298.7407447839214,909.6827602102279,461.7919606863928,644.4308166315793,1363.8026274836757,278.71476406016836,755.1250889998585,669.0261972925515,727.824396438742,73.59079259064862,662.5288395271662,625.0446843880418,119.00201564503779,573.2108397886097,1397.8331546348331,1041.0536930431736,522.3766939747815,348.0882227876228,581.5707960773086,486.43267246687117,679.2378199583345,880.3735908875774,997.2151429893721,412.1636103217049,637.0290315724238,877.6982894522075,729.4257635374397,419.9008586403176,61.563251976580574,542.3130799896072,696.0157148846414,1375.9495905887936,794.9243235097789,1072.7636049416103,323.5831251788954,564.4476401744215,297.9464880331301,455.8197721919714,612.347055875155,1054.9776922129088,432.86646286230797,701.6981191795992,318.3267676996699,678.2825581831262,1139.0590534409632,117.89851678137124,1068.2425415243047
sim 0_0_1000000_1000_1000000 - step_10000.csv,402.0273543100437,1142.0904614742906,560.2167345674676,723.5829037772189,286.2717807833319,654.1040384613802,528.4674716758732,52.7729997523793,132.2732829512103,439.4753010326458,264.3063236729533,169.99185099628187,652.1389538981534,472.204930109115,454.7093932822749,0.0,42.33983737360989,248.33742938313722,685.6554168484607,304.99957328845056,131.6829173886649,479.95298540574026,310.7046809938332,253.81520486350342,595.8770116439107,139.65685136377073,583.7191831686426,646.0757826033158,314.87513050626313,454.30713522851784,610.3249822631996,591.9443811392831,320.8086187999049,66.81700771716798,520.1604215803791,81.56782031921102,269.37409897954586,286.9154699569486,124.16125368826205,378.98263122727093,728.2198473527109,65.29678829893378,603.8647899263013,618.8910435024462,788.2099781504584,275.846309091195,627.1496437099482,216.5644657135197,451.51517403385253,223.14863923387784,455.6447704723462,627.6344446661666,49.43927134748259,1066.6368754332161,482.13303355007463,49.95900560307352,288.58729647029526,1111.7029901180922,645.039318217947,588.1766449163066,318.34926699479536,456.6859637078708,405.39506477082455,312.6010773199305,280.39645824727614,353.2800649366056,257.7362112259941,1148.295394113457,618.57213712877,222.32056300449082,144.94769811333154,276.3870091175819,47.86287630784258,285.78399272263897,434.84964412759916,943.4725092254081,80.66978943624704,305.6748015115972,624.2196491226447,357.5344646026812,570.8444481900606,454.265527034798,684.9997361080833,354.1633888659622,1135.044606348441,612.1809159838028,661.9375051846331,663.8584261579582,250.57782982906267,666.2916777719028,72.12787013489636,260.4006858454748,603.9170771115209,518.4259276413478,371.2994062325811,713.2998178994235,310.7686891007485,708.8266981017664,345.66738082819467,649.6529730158165
sim 0_0_100000_1000_100000 - step_10000.csv,387.72408326060577,1135.021321653404,561.543431931672,699.7937880880413,288.4449550010757,628.430878726375,525.1955926280979,47.96248039158741,120.72851169846105,421.2384071305233,266.3391210274522,159.0037340901836,626.3283444111587,468.8900777381031,451.1153979709787,42.33983737360989,3.552713678800501e-15,250.09594174020802,676.2629024003986,303.2969457655196,120.97599484441078,482.88061148620085,304.88885829739996,255.6029102443134,598.1648130846727,132.5003359973102,585.7313855126192,648.6973515545117,319.5050315027703,435.79253830261706,616.4013757035385,590.2706807440828,326.1344428583461,67.4778290520648,515.3213139475096,70.72781088654764,270.4586098698534,288.21107299097554,123.01083082204664,379.5092046798237,729.3515999710241,62.089266274676575,583.6452480008955,599.0139414379285,759.9731548935029,279.0638112012927,629.9082055246897,218.6663935024893,432.59342402875217,224.59101298399366,435.8124581993358,630.3839569824519,40.88671313073789,1058.6143616851211,487.14024958378036,45.63413041747094,294.6930462900251,1105.0214930187117,635.2082791391867,589.4652448486819,322.0151580058243,439.86164975950516,401.6480388455869,316.6819292987402,285.12702340216276,347.8470036071799,259.87319204106325,1141.1143585619304,620.9610287781175,224.14540799218972,142.50343494707838,276.525408647999,48.2897383886918,287.30279203401824,442.53157705842494,947.5190067449419,67.7460791296513,308.1268746618174,620.5096948534709,356.39167668706676,549.3545580583292,450.27323444846235,674.9141003528332,359.84855829235784,1127.3448044164568,612.7328627173198,667.0827445719256,653.1900463085702,253.2236218088074,655.675334577196,59.92630980513216,265.22296263669955,613.1957607259847,500.4280425462269,367.0336690708241,705.1656283382747,310.0718889129369,714.8081131717133,340.9055604225717,652.9232905718491
sim 0_0_1000000_100_10000 - step_10000.csv,439.3436093742335,1240.5004086284653,321.56545347351874,796.1441390336869,194.82327640523107,726.775109157773,612.0984879483614,262.7389175226249,193.8449807592552,489.16883275124695,56.054309992172094,187.89409617292418,717.5734646984175,595.449542047684,538.4368306215528,248.33742938313722,250.09594174020802,1.4210854715202004e-14,639.8719228599181,394.87098317011095,171.89452236708942,487.3593374652911,392.8042272805008,183.89113165739465,671.738973502309,231.15961394278116,661.6985866993432,717.9327207388042,168.26955500708507,507.79998244708986,586.1820331482204,390.8288878280897,185.3382408154712,278.1988545041638,602.3190342299142,280.1602186902249,180.02760769334012,192.73115451656537,183.13675770902304,252.89672794659435,519.1799455950802,207.5665608275598,648.0648148504742,735.8621218127241,849.7927244497674,103.90413961223754,696.5313702095405,69.59879065085947,513.7210442507967,64.10145560974341,514.1622948340098,699.867841599813,245.81259030690882,1167.6329768140959,494.5476457016855,222.89158924963886,217.61211366945452,1208.792192353824,596.8120077040227,350.1022628887381,217.1098333910361,526.3785583183784,497.35543896373787,199.81404054371217,239.8876951106649,429.21395341878036,86.13717372673318,1246.9265613912655,693.7418855599778,62.279523975001084,231.4964306168452,65.87866125300187,244.99353609861112,369.47803896279004,483.77056988751707,699.9561571832184,265.2844783734004,188.14072969626855,430.075479430399,444.2811742233606,647.9385031791187,549.152052592658,536.9961127927281,265.69416907448345,1235.609515562289,368.49888513499474,612.3104830076967,595.4857090144038,56.73740432125187,605.9496667014855,235.7454048880472,206.45833463340315,662.3055996277368,637.8558091813129,353.7952974535071,690.5559151856371,398.8019605460109,763.5074522581492,437.5792502100581,718.9783587992387
sim 0_0_100000_1000_10 - step_10000.csv,771.7439450446706,1514.8645465972622,740.0855946138455,788.4906052909473,796.7952117687958,749.9249191368408,305.1946489873736,685.4781230934849,608.3672235553945,800.9322624295953,676.6827748459896,548.0778285922747,764.1983563614515,379.89233737450047,301.7460817273761,685.6554168484607,676.2629024003986,639.8719228599181,0.0,798.4893999088519,602.5131346713744,987.8421685638218,407.94939668848644,779.7084806684435,1115.4441901279527,589.1993260300535,1083.9442265352095,1156.8982287756626,791.9401975551996,772.4488492996605,1108.7742752730105,906.2904641848953,797.1506700941945,649.3455561387838,305.12680878304656,663.8209810967909,780.73653909154,797.6505569470487,639.1702567669973,844.3536598018538,876.3260855478507,662.8206084316197,660.4538131171482,700.7525503082084,901.3725103840889,662.9244219003535,1141.981710722095,656.2169580716717,807.8541858692691,659.7975020264699,796.7191334747308,1140.7133511488046,670.8980407484983,1433.6830771867674,992.9453227222114,659.9069803138356,805.0984591305171,1497.3270377396482,50.75509260256822,750.6042336925593,820.6991813207777,829.3492475991795,359.97440311107954,797.4106101273403,815.1903950321653,371.27016370618725,695.6046478871489,1531.6272056598978,1134.8515079520246,652.3785734130594,579.1279913380172,693.5007807797545,701.9404805856063,788.2584911501364,970.0707156133619,868.4073564041393,633.7060733061911,782.4922749083497,905.9770470190824,862.4551204425425,646.9460049117109,341.5427398003392,388.38157158183134,840.9172486482339,1513.6470883677664,801.648057791427,1149.5132751787428,76.70885984625869,673.5792976680082,48.30646209727638,663.5390183633801,786.7029230601822,1145.100740025713,647.0198086245122,786.3619259959578,90.57271646450322,822.6202282202022,1234.5200754931482,391.39525883210763,1165.3390970782166
