,sim 0_10_10_1000000_10000 - step_10000.csv,sim 0_10_10_10_1000000 - step_10000.csv,sim 0_10_0_1000_100 - step_10000.csv,sim 0_10_10_1000000_1000 - step_10000.csv,sim 0_10_10_100000_0 - step_10000.csv,sim 0_10_10_10_10000 - step_10000.csv,sim 0_10_0_100000_10000 - step_10000.csv,sim 0_10_10_10_10 - step_10000.csv,sim 0_10_0_1000000_100 - step_10000.csv,sim 0_10_10_0_10 - step_10000.csv,sim 0_10_100_100_100 - step_10000.csv,sim 0_10_100_100_1000000 - step_10000.csv,sim 0_10_100_10_10 - step_10000.csv,sim 0_10_10_100000_100000 - step_10000.csv,sim 0_10_0_1000_1000000 - step_10000.csv,sim 0_10_0_10000_10000 - step_10000.csv,sim 0_10_100_10_10000 - step_10000.csv,sim 0_10_10_100000_10000 - step_10000.csv,sim 0_10_0_1000_10 - step_10000.csv,sim 0_10_10_1000000_1000000 - step_10000.csv,sim 0_10_0_10000_10 - step_10000.csv,sim 0_10_100_0_10000 - step_10000.csv,sim 0_10_0_100000_100000 - step_10000.csv,sim 0_10_10_10000_100000 - step_10000.csv,sim 0_10_10_100_100000 - step_10000.csv,sim 0_10_100_0_0 - step_10000.csv,sim 0_10_100_100_10 - step_10000.csv,sim 0_10_100_10_0 - step_10000.csv,sim 0_10_10_10_100000 - step_10000.csv,sim 0_10_10_0_0 - step_10000.csv,sim 0_10_0_1000000_10000 - step_10000.csv,sim 0_10_0_100000_0 - step_10000.csv,sim 0_10_10_100000_100 - step_10000.csv,sim 0_10_0_1000_0 - step_10000.csv,sim 0_10_100_0_1000 - step_10000.csv,sim 0_10_10_10_100 - step_10000.csv,sim 0_10_10_100_100 - step_10000.csv,sim 0_10_100_10_1000 - step_10000.csv,sim 0_10_10_10_1000 - step_10000.csv,sim 0_10_0_100000_1000 - step_10000.csv,sim 0_10_10_100_0 - step_10000.csv,sim 0_10_0_100_1000000 - step_10000.csv,sim 0_10_10_1000_100 - step_10000.csv,sim 0_10_0_1000000_1000 - step_10000.csv,sim 0_10_10_1000_10000 - step_10000.csv,sim 0_10_0_1000000_100000 - step_10000.csv,sim 0_10_0_1000000_10 - step_10000.csv,sim 0_10_100_100_10000 - step_10000.csv,sim 0_10_10_1000_0 - step_10000.csv,sim 0_10_0_10000_100 - step_10000.csv,sim 0_10_10_100000_1000000 - step_10000.csv,sim 0_10_100_10_1000000 - step_10000.csv,sim 0_10_10_1000000_10 - step_10000.csv,sim 0_10_10_1000_1000000 - step_10000.csv,sim 0_10_10_10000_10000 - step_10000.csv,sim 0_10_100_100_1000 - step_10000.csv,sim 0_10_10_10000_10 - step_10000.csv,sim 0_10_10_100_10 - step_10000.csv,sim 0_10_10_1000_100000 - step_10000.csv,sim 0_10_0_100_100000 - step_10000.csv,sim 0_10_0_10000_100000 - step_10000.csv,sim 0_10_10_100_1000 - step_10000.csv,sim 0_10_0_1000000_0 - step_10000.csv,sim 0_10_0_1000_1000 - step_10000.csv,sim 0_10_0_100000_1000000 - step_10000.csv,sim 0_10_0_100000_10 - step_10000.csv,sim 0_10_10_0_100 - step_10000.csv,sim 0_10_10_100_10000 - step_10000.csv,sim 0_10_100_100_100000 - step_10000.csv,sim 0_10_10_0_1000 - step_10000.csv,sim 0_10_10_1000000_0 - step_10000.csv,sim 0_10_10_100000_1000 - step_10000.csv,sim 0_10_10_10000_0 - step_10000.csv,sim 0_10_10_100_1000000 - step_10000.csv,sim 0_10_10_10000_1000000 - step_10000.csv,sim 0_10_10_1000_1000 - step_10000.csv,sim 0_10_0_10000_1000000 - step_10000.csv,sim 0_10_100_10_100 - step_10000.csv,sim 0_10_100_100_0 - step_10000.csv,sim 0_10_100_0_1000000 - step_10000.csv,sim 0_10_100_10_100000 - step_10000.csv,sim 0_10_100_0_100000 - step_10000.csv,sim 0_10_0_10000_0 - step_10000.csv,sim 0_10_10_1000000_100 - step_10000.csv,sim 0_10_10_1000_10 - step_10000.csv,sim 0_10_10_0_10000 - step_10000.csv,sim 0_10_10_10000_100 - step_10000.csv,sim 0_10_10_10000_1000 - step_10000.csv,sim 0_10_0_1000_10000 - step_10000.csv,sim 0_10_10_1000000_100000 - step_10000.csv,sim 0_10_0_1000000_1000000 - step_10000.csv,sim 0_10_10_0_1000000 - step_10000.csv,sim 0_10_0_100000_100 - step_10000.csv,sim 0_10_10_10_0 - step_10000.csv,sim 0_10_0_10000_1000 - step_10000.csv,sim 0_10_100_0_10 - step_10000.csv,sim 0_10_0_1000_100000 - step_10000.csv,sim 0_10_10_100000_10 - step_10000.csv,sim 0_10_100_0_100 - step_10000.csv,sim 0_10_10_0_100000 - step_10000.csv
sim 0_10_10_1000000_10000 - step_10000.csv,6.28867513288973e-309,0.9438804644082994,1.7372551785951187,1.7801421993762165,1.2393357452963059,1.543141008797098,1.6841169793099258,2.481912402864584,1.7372551785951185,1.2821977492571393,2.25,2.0554804791094434,2.0655057418625367,0.9660576237549561,2.5655331178205003,1.6684748573981851,3.070277932113986,1.490711984999853,1.400516913633133,1.221766209644526,1.2050159151870607,9.479720842330796,1.6841169793099255,2.3739489633426323,2.346573207290689,1.1269170198806244,1.7677669529663689,2.0813532256683387,1.2600379688080219,1.2736185808734053,1.5592911494935464,1.099761884339346,1.6580354738825913,1.0657130284443619,9.942787530406497,1.657059104361171,1.03142967713554,3.5819614629858583,1.6641488687203319,1.7372551785951185,1.3128816161105212,2.532300407035847,1.6886570107632868,1.6576422345541761,2.4686813798264904,1.6265106468083599,1.0601631145658699,1.9837459203867907,1.2821463455656716,1.7677669529663689,2.430915959003314,3.8263361791181483,2.063313415508702,2.378307476046208,1.2918881798561732,2.0,1.93214413058602,2.2904444800784223,2.424532179653318,2.5124689052802225,2.6042366944424877,2.3843948064510756,1.0520520302138363,1.6997115521608719,2.559878481361018,1.2742554572037064,1.2101957784313009,2.3535212979703415,2.0233533263173573,1.7491059030795404,0.9785766310428368,1.5,1.214857193657966,2.3258362461647515,2.4134029686086214,1.5206906325745546,2.573757641088557,1.7057942360200231,1.6576422345541764,5.420834572437657,5.331254210207016,9.35745710628326,1.3006942590615058,1.4682003422210337,2.191595624121373,1.2747548783981957,1.0,1.5988276955319463,2.5950941569492207,1.5293426329272468,1.394533030556015,1.4277122371190885,1.5950442081333192,1.5620155581423543,1.6886570107632868,1.2747548783981957,2.557655176133017,1.8510375247105215,5.044845373258668,1.0870700679554322
sim 0_10_10_10_1000000 - step_10000.csv,0.9438804644082994,6.249370429619695e-309,1.9747316890345412,1.782606504647963,1.2393357452963056,1.6554268260818632,1.884866852422936,2.4817920935077806,1.9795273625931342,1.282197749257139,2.2499999999999996,2.1426711167285597,2.0626460632321733,0.8696005202405022,2.6613613707696793,1.8734007534352395,3.677871365576572,1.490711984999853,1.400516913633133,1.2217662096445259,1.0366481674497405,9.479720842330796,1.906175059494276,2.4934496697853743,2.46132915455968,1.4134071031552886,1.9795273625931344,2.204375722570325,1.3385971790814655,1.2736185808734053,1.7089033513085645,1.1717396234612403,1.8480779236369598,1.3435568116917596,9.942787530406497,1.7825153980047406,0.8696005202405022,4.517942351634941,1.664148868720332,1.954849716329846,1.3128816161105212,2.632433421441542,1.884866852422936,1.869700845055164,2.5737360074434763,1.8074533232285224,1.0601631145658699,2.080988493465782,1.2821463455656716,2.0163546168530173,2.534995043093287,4.320008996346556,1.9416487838947518,2.49450700507196,1.2980674692164773,2.0925517773798097,1.93214413058602,2.2872397012355212,2.53305513307411,2.6147795185203244,2.7002466191102945,2.5027425496798426,1.0691345592597075,1.954849716329846,2.646960304490852,1.2742554572037061,1.210195778431301,2.4747508622051297,2.123407528292402,1.9623398032576973,0.9821953766566716,1.4999999999999998,1.214857193657966,2.448528392993178,2.528769270249745,1.5206906325745548,2.67303727056368,1.9548497163298457,1.8697008450551638,6.125084230838363,5.721391605768735,9.35745710628326,1.300694259061506,1.6407451561988622,2.1847171893704798,1.4344630696567533,1.1319947361600808,1.598827695531946,2.6928265678264225,1.5293426329272468,1.645445617843154,1.6407451561988624,1.84807792363696,1.5620155581423543,1.9061750594942757,1.4344630696567533,2.6489396322622216,1.8915763861102168,5.8192470852684925,1.491941889978757
sim 0_10_0_1000_100 - step_10000.csv,1.7372551785951187,1.9747316890345412,6.498363838937587e-309,2.015564437074637,1.5283341725455601,2.1744969053514915,0.6959828776329171,2.590361732841399,0.553865632140254,1.457488378805973,2.2499999999999996,1.6110289789394177,2.2428699609018676,1.7499999999999998,2.4335168239055625,0.8064118559609283,3.2417326163092537,1.8099075407662333,1.661615651056512,1.8341512430494982,1.580390439685738,9.479720842330796,0.8511409430157149,2.1448847239889597,2.1012195165641625,1.2178326072264802,1.3715089118289847,1.588582529068381,2.1562472875444287,1.5241941014711327,1.3153821879794152,1.3526909745151259,1.805219280551666,1.310890400443646,9.942787530406497,1.9633664876564947,2.2111527934315847,4.081803602367623,1.984732248612537,0.4747332851636327,1.5744391908958255,2.3993267257680824,1.53236694660254,0.9182343553632457,2.3008490280763763,0.9575753866774734,1.522123196716345,1.4414105588252646,1.5906750551622564,0.6054968459472937,2.2501063870612352,3.883870247079238,2.3792925762220385,2.153449715923802,1.774344616067592,1.532990998136667,2.273364720014443,2.4450756760739445,2.2269570405846624,2.349993552777616,2.4679897761076024,2.1737783925690275,1.4420126595158897,0.6241442768835234,2.431560849676698,1.517225187391007,1.4675236500566393,2.111960519270502,1.5752628750685094,0.6644345125128792,1.4620404173303392,1.7742713299726618,1.591684440232386,2.07658899755158,2.214625566290106,1.8874957326075608,2.446759034879751,0.5320773586834389,1.1214806324229016,5.688945481571045,5.313761442636725,9.35745710628326,1.4057857532120208,1.9068791969091552,2.4253651084780854,1.4080866183214649,1.9904078408158172,1.845602882529175,2.462214450449026,1.8313610293862435,1.3962216372060192,1.2604117246540723,1.1413882227281917,1.826982107253508,0.7072002979492338,1.4223801845383437,2.423649491882877,2.309179110178266,5.3831083360011736,1.3257302950649952
sim 0_10_10_1000000_1000 - step_10000.csv,1.7801421993762165,1.782606504647963,2.015564437074637,1.165596067585704e-308,1.6921232963351103,1.7761537721217149,1.9426168769416503,2.2790382956611497,2.0155644370746373,1.3870979596098505,2.1738426152728527,2.136000936329386,1.8692702847096248,1.7878627902358166,2.5495097567963922,1.9383579145654952,3.1851200364537444,1.7677669529663687,1.6921232963351103,1.7761537721217149,1.776153772121715,9.479720842330796,1.9557343107423537,2.3456830734207887,2.3220598195471926,1.7878627902358166,2.0155644370746373,2.168268638542945,1.7801421993762165,1.025544538217609,1.8574862319922527,1.5,1.9059118552545908,1.7677669529663687,9.942787530406497,1.868235846456972,1.7826065046479629,4.025191022512114,1.5,2.0,1.4153428585211925,2.5211547425790624,1.9426168769416505,1.9383579145654952,2.438237068047319,1.883897037350302,1.7677669529663687,2.0860399085348296,1.5,2.015564437074637,2.3967892617900475,3.9025942205082647,1.3870979596098503,2.3461208823842283,1.7677669529663689,2.095975249113876,1.3740163779753323,2.09827925756471,2.393923003552698,2.5,2.591071314889439,2.350001554170107,1.7761537721217149,1.996579105620411,2.54405657624963,1.4999999999999998,1.697531221335322,2.3277132095955713,2.1189193498344805,2.0,1.7677669529663689,1.75,1.6921232963351105,2.3165394180292895,2.375920874103346,1.75,2.5594241172830605,1.9965791056204107,1.9195689354537913,5.632332901715536,5.407512251597132,9.35745710628326,1.1537056300449828,1.8221915961194755,1.3870979596098503,1.800403563497083,1.7878627902358168,1.6921232963351105,2.5859008909866734,1.3870979596098503,1.85437879170492,1.8221915961194752,1.9059118552545906,1.3747523483429238,1.955734310742354,1.800403563497083,2.5401548335583626,1.4424288221709518,5.326495756145665,1.8112960504682054
sim 0_10_10_100000_0 - step_10000.csv,1.2393357452963059,1.2393357452963056,1.5283341725455601,1.6921232963351103,9.37483739599549e-309,1.2300961987859882,1.4732506982814655,2.447549217797379,1.5250076631204643,1.0183925813845216,2.2448694339560538,1.7916918534718198,2.0303755483208343,1.3133854359702752,2.4569346227789177,1.4742826159317657,3.4280615078597823,0.9483910174661379,0.4724451289413553,1.0569569164359172,0.5125598107714578,9.479720842330796,1.4478359597503234,2.198021636423781,2.1667307682825347,1.2393357452963059,1.574041838627731,1.8289231325262167,1.2393357452963056,1.0742634784011584,1.4289881169108374,0.5849659320780223,1.4614677725723872,0.9317690816513302,9.942787530406497,1.4434734402529612,1.3133854359702755,4.268132493918152,1.0665851839274323,1.5298312956431215,0.9232418638049367,2.400538084662783,1.4921829455614104,1.4434734402529612,2.342212537990148,1.4424288221709434,0.9190093309382359,1.710173214144456,0.5826014278948324,1.5740418386277308,2.291439382668554,4.070199138629766,1.6576709893224006,2.2044199816780154,0.9483910174661379,1.7426022208180494,1.7535974670821899,2.246486454196606,2.2782257350842174,2.3794537097006385,2.498307155928172,2.2134453410413766,0.6967083280190264,1.4921829455614102,2.45414808126485,0.6118025881657901,0.6982878133157538,2.176938791054996,1.7642915650079427,1.5298312956431217,0.9190093309382359,0.9190093309382359,0.6533123446885261,2.155590172976419,2.2711606897232657,0.9190093309382359,2.482444269944827,1.4900955743983495,1.4478359597503232,5.875274373121574,5.471581748051946,9.35745710628326,1.1182668023839808,1.431563960080892,2.033721770201845,1.4281090756453505,1.350612123315631,1.1426606620574185,2.496630420691692,1.4884523381055192,1.4289881169108376,1.4289881169108376,1.350612123315631,1.5070045881586092,1.4900955743983495,1.4281090756453505,2.4345114364619556,1.6667809985750153,5.569437227551703,1.3929132976547511
sim 0_10_10_10_10000 - step_10000.csv,1.543141008797098,1.6554268260818632,2.1744969053514915,1.7761537721217149,1.2300961987859882,6.346504875663724e-309,2.112628878479156,2.4475492177973797,2.1644050028284294,1.4815655308507794,2.244869433956054,2.3898505154463825,2.0404307028952577,1.6973139332814335,2.716770630912402,2.0924670009700783,3.5610388761876592,0.749279840605756,1.21373177703905,0.8235890676227893,1.1863711013107663,9.479720842330796,2.1042787895889647,2.599874810538173,2.58783267768829,1.827251870174357,2.161756029208332,2.438257965564832,1.543141008797098,1.4071420968543842,1.9304219917152923,1.618698446543025,2.013214183967921,1.6774392604290378,9.942787530406497,1.999754926224027,1.6973139332814338,4.401109862246029,1.590249508399633,2.1465829186781225,1.2756893432416192,2.6940848290832466,2.0878041279282766,2.0522153558801843,2.645264720867642,2.02508421524385,1.2593759328940366,2.316113662836558,1.2404967551535533,2.206494352104311,2.627951956934069,4.203176506957642,1.8857924110971176,2.6010524574532115,1.1708909329750123,2.333249374307819,1.8328258407915134,2.2464864541966065,2.6266220118288994,2.6787787109118844,2.745475455067251,2.6072892175038618,1.4770700345302326,2.1266343427045538,2.713223656874388,1.2257267196198125,1.531486179529878,2.589547407046237,2.362356921526587,2.1465829186781225,1.3246708085004886,1.486986061691907,1.1396991169476838,2.5797292000317684,2.6189329875782184,1.5,2.721485902419885,2.146582918678122,2.0327600094940212,6.008251741449451,5.656440109877233,9.35745710628326,1.507671325297502,1.8218769591969775,2.0738178015368396,1.7622075361551657,1.715304848433644,1.5206906325745546,2.731328660194523,1.5206906325745546,1.9305764558818352,1.8546209778994331,2.0132141839679214,1.518841884459376,2.11770925593886,1.7622075361551657,2.708755197165977,1.7702511297835644,5.7024145958795796,1.7942927052942892
sim 0_10_0_100000_10000 - step_10000.csv,1.6841169793099258,1.884866852422936,0.6959828776329171,1.9426168769416503,1.4732506982814655,2.112628878479156,7.20329312287818e-309,2.5580256891376916,0.740081390070348,1.4399190516302038,2.25,1.6481301990606518,2.174051996179948,1.6090024514862908,2.261640413750844,0.3853119851591149,3.1762268332262167,1.7487296976821685,1.611366263794794,1.7879250264697877,1.454233790821589,9.479720842330796,0.268883962324991,2.05798748781425,2.030527146144853,1.1700738828878918,1.2499999999999998,1.647347260349855,2.0570444234882395,1.501732621440921,1.040806048935158,1.3148849558268276,1.4442565909764418,1.1242025901389898,9.942787530406497,1.5999730330170059,2.068078446958637,4.016297819284587,1.934376716160846,0.868113667779103,1.478191614832248,2.234197467099876,0.9242452401561434,0.41091980117171384,2.167823697874998,0.892069603594436,1.4127712936160584,1.5515485827182927,1.5125995485294412,1.1056800983422144,2.124976842462704,3.8183644639962,2.3188328814186088,2.0595238095238244,1.7666666666666797,1.589743589743577,2.217926600950134,2.419868909160317,2.118450645644727,2.2169172790661875,2.2975329891510197,2.0646866305202516,1.3897697364528083,0.5164415854193721,2.261640413750844,1.4617633655117126,1.4323723953327674,2.036720662403831,1.6272264297443488,1.061394816699282,1.3628101420823224,1.736129420299052,1.5429954559196961,2.012117860644345,2.110914090679261,1.8198847791600117,2.2677080940897154,0.5003554577196864,0.5934687606817268,5.623439698488008,5.219747073418381,9.35745710628326,1.3690440156829347,1.8200274723201293,2.34687909674201,1.3570351383240786,1.9314810376051477,1.7946206466287364,2.2884615384615405,1.7699752823132837,1.1002569288785176,1.1728307436782646,0.7843695917084065,1.7818654877121984,0.3050054178001875,1.1977503951451214,2.2548294485251463,2.2093672530732116,5.317602552918137,1.2454746242218957
sim 0_10_10_10_10 - step_10000.csv,2.481912402864584,2.4817920935077806,2.590361732841399,2.2790382956611497,2.447549217797379,2.4475492177973797,2.5580256891376916,5.808838251961154e-309,2.578485302707534,2.3707099274129946,1.5044724018434257,2.6468596419666612,2.2400125557683825,2.481912402864584,2.891090788223604,2.561576076527063,4.207739739443024,2.4475492177973797,2.4475492177973797,2.4595678543685784,2.481912402864584,9.479720842330796,2.5614704810441067,2.7974381097540686,2.788068750999426,2.5275172404403503,2.555603402008284,2.7088017346433517,2.4595678543685784,2.3718985469903466,2.502809572984355,2.483350810900466,2.502809572984355,2.506106037672358,9.942787530406497,2.5007583498068815,2.48019012668331,5.047810725501393,2.3707099274129946,2.5916854886824003,2.386981286904159,2.8728524587942204,2.511794159448722,2.5352028828347186,2.8397380762926057,2.5461450774061274,2.481912402864584,2.607857725851348,2.414104925287652,2.578092802829259,2.820134682251674,4.849877370213008,2.29386177610127,2.7974381097540686,2.447549217797379,2.6123324561158707,2.2760805146215963,2.2400125557683825,2.817417909920059,2.861331255427788,2.9040780211102417,2.7997669175860116,2.4817920935077806,2.5461450774061274,2.8888964137393764,2.443644996355134,2.4595678543685784,2.79020355707056,2.6284351251771314,2.578092802829259,2.4823948155124587,2.3942537296765645,2.4819124028645834,2.7805330460804187,2.813176301184312,2.3942537296765645,2.8934119812130272,2.592734020248002,2.5254773273695577,6.654952604704815,6.251259979635187,9.35745710628326,2.3403194295840333,2.485525344690272,2.334523505985749,2.4855253446902723,2.481792093507781,2.3869812869041596,2.901333831572221,2.3618989674439703,2.5007583498068815,2.500758349806881,2.5254773273695577,1.8726615846256056,2.558745490651287,2.4986244160968534,2.888939867441389,2.257431887381541,6.349115459134945,2.492837721799558
sim 0_10_0_1000000_100 - step_10000.csv,1.7372551785951185,1.9795273625931342,0.553865632140254,2.0155644370746373,1.5250076631204643,2.1644050028284294,0.740081390070348,2.578485302707534,5.75054740934262e-309,1.457488378805973,2.25,1.662546991817082,2.228180143572057,1.75,2.3074017743690147,0.8427659400556036,3.457969695677582,1.8233512370634104,1.6616156510565119,1.842842684521862,1.5599232862887358,9.479720842330796,0.8988071521929236,2.0857649079304523,2.0425952156268865,1.2385195332407373,1.2464748509133683,1.6744824467198391,2.120200298905556,1.5205154647823713,1.3153821879794152,1.3526909745151259,1.8273167472363674,1.310890400443646,9.942787530406497,1.9678059347043806,2.211152793431585,4.2980406817359516,1.9858524712836725,0.6909703645319611,1.5725166028704947,2.2687599105870415,1.5518469372763124,0.9604015587636683,2.185122665143206,1.1738124660458018,1.4996636055146553,1.5299557958540646,1.5829280041972833,0.627802944318256,2.1403957248056793,4.100107326447565,2.3489576998371478,2.0884684106994476,1.7958270038664312,1.5509168405815867,2.2502590067829344,2.4334506567353134,2.1375782330664377,2.25,2.3630766492012008,2.0936703129664216,1.4420126595158895,0.6984176660881489,2.3063492409192152,1.5148383797717142,1.4675236500566395,2.0540583446208593,1.60238859814572,0.5383682988527321,1.4588098421985258,1.7759071354792713,1.5771899485022445,2.0130667256013473,2.127660173899246,1.9372342132811842,2.317732438507451,0.6559213219679934,1.1429505182736812,5.905182560939373,5.501489935869746,9.35745710628326,1.406418310949472,1.9184774055368798,2.387557813946673,1.41216670369495,1.9904078408158172,1.8469945557280079,2.3468365896933725,1.8434695015382978,1.3975424859373686,1.2808981001156816,1.167259976323047,1.8531739626600516,0.6501757469276408,1.4263773185218844,2.303220230426209,2.2797622496282637,5.599345415369503,1.3257302950649952
sim 0_10_10_0_10 - step_10000.csv,1.2821977492571393,1.282197749257139,1.457488378805973,1.3870979596098505,1.0183925813845216,1.4815655308507794,1.4399190516302038,2.3707099274129946,1.457488378805973,6.45657089430337e-309,2.200568108466541,1.6626333408386755,1.9431361113866006,1.308053384664988,2.1155336105847113,1.4438308848968529,3.4286524007558024,1.2674117996861747,1.1625086353807867,1.2694897430692587,1.2070748941673646,9.479720842330796,1.4309659302042297,1.9565463541061083,1.9337529379556277,1.2821977492571393,1.514307518315316,1.667192625343576,1.336630103122279,1.0742634784011584,1.3670660176116431,0.847484455029639,1.4399190516302038,1.2674117996861747,9.942787530406497,1.414845970061997,1.4008768056975516,4.268723386814171,1.3078856065166435,1.471373673197217,0.7269160038350398,2.0953618647951497,1.4472001768282763,1.414845970061997,2.0419495096962175,1.400081508232887,1.2489766167437755,1.6044550231640722,0.9801617364913465,1.513526839784143,2.001913147466693,4.161654391479362,1.7303032175543902,1.9592760842371368,1.2674117996861747,1.618705168394,1.6235893576236795,2.1526000316723586,1.9942707498215637,2.0768260458563157,2.168706267969756,1.9612206097183962,1.2489766167437755,1.4468913456307728,2.119893843945724,1.0233089914437916,1.1768085692265882,1.9386440971049825,1.6385290648623012,1.477032136286798,1.2674117996861747,1.2489766167437752,1.176808569226588,1.89565246618893,1.9862670338162545,1.2489766167437755,2.1227934812711897,1.4468913456307726,1.4309659302042297,5.875865266017594,5.666572422568231,9.35745710628326,1.1157967098867596,1.3935303021051544,1.7786803752953158,1.3432458699664251,1.3092033639151706,1.2070748941673648,2.1518176591312077,0.8671769318935096,1.3670660176116431,1.3432458699664251,1.308053384664988,1.3778513038411333,1.4468913456307728,1.3432458699664251,2.110835142781172,1.6117936770645662,5.570028120447722,1.3381888451257882
sim 0_10_100_100_100 - step_10000.csv,2.25,2.2499999999999996,2.2499999999999996,2.1738426152728527,2.2448694339560538,2.244869433956054,2.25,1.5044724018434257,2.25,2.200568108466541,7.028856653734243e-309,2.263846284534354,2.150581316760655,2.2499999999999996,2.4999999999999996,2.2499999999999996,2.7403119341222943,2.244869433956054,2.2342479507264708,2.2448694339560538,2.25,9.479720842330796,2.2499999999999996,2.3048861143232218,2.304886114323222,2.2499999999999996,2.25,2.263846284534354,2.244869433956054,2.1896914213445777,2.25,2.25,2.25,2.25,9.942787530406497,2.2499999999999996,2.2499999999999996,3.5803829201806643,2.215437488467261,2.25,2.200568108466541,2.4999999999999996,2.25,2.2499999999999996,2.4867294845663745,2.25,2.25,2.25,2.216549506773167,2.2499999999999996,2.4453203955176726,3.3824495648922777,2.189691421344578,2.3048861143232218,2.242249241475989,2.25,2.1708293346092455,2.150581316760655,2.414571249929823,2.5,2.5,2.3048861143232218,2.2448694339560538,2.25,2.4999999999999996,2.2342479507264708,2.2422492414759896,2.3048861143232218,2.263846284534354,2.2499999999999996,2.25,2.2342479507264708,2.2448694339560538,2.263846284534354,2.3759137570756597,2.2342479507264708,2.5,2.2499999999999996,2.25,5.187524799384086,4.783832174314458,9.35745710628326,2.1738426152728527,2.25,2.200568108466541,2.2499999999999996,2.25,2.216549506773167,2.5,2.2005681084665407,2.2499999999999996,2.2499999999999996,2.2499999999999996,1.719958283035691,2.25,2.2499999999999996,2.5,2.1708293346092455,4.881687653814215,2.25
sim 0_10_100_100_1000000 - step_10000.csv,2.0554804791094434,2.1426711167285597,1.6110289789394177,2.136000936329386,1.7916918534718198,2.3898505154463825,1.6481301990606518,2.6468596419666612,1.662546991817082,1.6626333408386755,2.263846284534354,1.2038346003285677e-308,2.3756906890418215,2.0602015049630134,2.47930890698396,1.628510101293796,2.6076424240234957,2.06155281280883,1.8742420275166367,2.0155644370746373,1.8278619067253097,9.479720842330796,1.672034935644014,2.258275032507985,2.25,1.5419276365691605,2.126724990137053,1.6515600099161392,2.3055640864136824,1.6890861734717828,1.7189078851398545,1.596101086102378,2.1893808325076884,1.6191222539600514,9.942787530406497,2.266788427012677,2.297965196499133,3.4477134100818656,2.270162435414485,1.5639617587157277,1.8355568798775688,2.447686736514866,2.042669821581555,1.7012393914160664,2.3409399821439267,1.6126280349583175,1.819887891761553,1.9506409203131185,1.8532593753978417,1.5994344407290875,2.2979651964991334,3.2497800547934794,2.5129388745532237,2.261169890423184,2.019813983038311,1.8571428571428608,2.4426280921857475,2.5148451211514917,2.2833715385595488,2.4224069756247757,2.4999999999999996,2.263846284534354,1.676560868119672,1.7141826259431099,2.4784883091309338,1.8854258915841156,1.640650337259381,2.25,1.880509667610713,1.477462009978498,1.80034378120334,2.0155644370746373,1.8234925607419312,2.23606797749979,2.274651283502254,2.0970382553602773,2.4975919525063537,1.524400439364004,1.7824283261421376,5.054855289285286,4.6732635328125465,9.35745710628326,1.6571813419176555,2.136000936329382,2.5118666435136086,1.6405124949924326,2.1520661906384095,2.043531357274273,2.5,2.0602424045320746,1.7643848833575082,1.5935058754033078,1.7015541348499919,2.0432467067637354,1.6873620619603504,1.6073912556022143,2.4684294691810327,2.434640234729219,4.749018143715416,1.5948026412134308
sim 0_10_100_10_10 - step_10000.csv,2.0655057418625367,2.0626460632321733,2.2428699609018676,1.8692702847096248,2.0303755483208343,2.0404307028952577,2.174051996179948,2.2400125557683825,2.228180143572057,1.9431361113866006,2.150581316760655,2.3756906890418215,6.065551734471145e-309,2.065505741862537,2.734427416845209,2.1674554777118797,3.8989669359439834,2.0404307028952577,1.9836479650935268,2.040430702895258,2.0404307028952577,9.479720842330796,2.16745547771188,2.605345886858586,2.5946574755919256,2.0686606287289315,2.2254734239889213,2.4162669018544394,2.040642089940085,1.7981790124837076,2.1098748014141733,1.9776693599458073,2.125382309015895,2.091340682863642,9.942787530406497,2.1198118745416767,2.0626460632321733,4.739037922002352,1.9776693599458075,2.221715238013126,1.9431361113866008,2.7176793869034706,2.161944395516223,2.1612357971633216,2.6653432316108137,2.161235797163321,2.040430702895258,2.32906976824591,1.9836479650935268,2.2613858201616903,2.636603143722213,4.551527877857515,1.9235384061671366,2.605719950964297,2.0303755483208343,2.343694112907091,1.3946325680981357,1.0781019659647875,2.6325297816823277,2.7019687780597614,2.7635032011064995,2.613924243130161,2.040430702895258,2.176766511572639,2.73118841358053,1.9776693599458073,2.0207397359557726,2.600929804742316,2.3556182656438436,2.2217152380131258,2.055335068401968,2.0207397359557726,2.040430702895258,2.5794578774032395,2.629157191589852,2.0207397359557726,2.7398063589231763,2.221715238013126,2.1610375482504116,6.346179801205775,6.056445908946383,9.35745710628326,1.8692702847096245,2.0930867029302394,1.9235384061671366,2.068699357963328,2.0655057418625367,1.9836479650935268,2.7555189407702745,1.9431361113866006,2.119208855997109,2.1098748014141737,2.1450082207696433,1.3516013925522572,2.175782107146248,2.093086702930239,2.730825877330732,0.9036470530321513,6.040342655635904,2.091340682863642
sim 0_10_10_100000_100000 - step_10000.csv,0.9660576237549561,0.8696005202405022,1.7499999999999998,1.7878627902358166,1.3133854359702752,1.6973139332814335,1.6090024514862908,2.481912402864584,1.75,1.308053384664988,2.2499999999999996,2.0602015049630134,2.065505741862537,6.454428571120187e-309,2.5249526337080237,1.6046011647631255,3.295501482281956,1.589199658808039,1.4531126318635519,1.3462912017836257,1.1232434813797825,9.479720842330796,1.6090024514862908,2.337784568002477,2.307817812627613,1.3029047761416046,1.7898606392770482,2.078975033089281,1.538899109781235,1.3805503439649809,1.5206906325745546,1.1114631366249959,1.5980006172866819,1.0143264221945116,9.942787530406497,1.5540616814498047,0.9586187348508903,4.135572468340325,1.7006227195097394,1.7499999999999998,1.353094211951554,2.5001638004997986,1.62921353256529,1.5760685092717033,2.4418985402193902,1.5206906325745546,1.09375,2.0142073502993707,1.289258212870394,1.8200274723201295,2.4133171617074396,3.93763911305194,2.054104656506654,2.3429820368985257,1.5186342548487408,2.0368532178451497,1.9520158122247353,2.2872397012355217,2.393923003552695,2.493240879704879,2.572098146216966,2.354039911779322,1.1403101700690388,1.7407829973282063,2.515284906976803,1.2750695938402057,1.2477364438044678,2.317971584491068,2.0497289793748052,1.7499999999999998,1.0349785290311893,1.5505923818637504,1.229439135155328,2.2892032214045397,2.386751997718266,1.5206906325745546,2.5419942356105985,1.740782997328206,1.5540616814498047,5.742714347543747,5.33902172247412,9.35745710628326,1.3098186897429624,1.4866068747318493,2.186943439288775,1.348204824943148,0.8849404828120693,1.6302353307299153,2.5578311124857334,1.5561129789657913,1.45232277851429,1.4645253021407194,1.4745686266564237,1.5685771105990582,1.6292135325652897,1.348204824943148,2.512468905280222,1.9098107439121574,5.436877201973877,1.2645825948395562
sim 0_10_0_1000_1000000 - step_10000.csv,2.5655331178205003,2.6613613707696793,2.4335168239055625,2.5495097567963922,2.4569346227789177,2.716770630912402,2.261640413750844,2.891090788223604,2.3074017743690147,2.1155336105847113,2.4999999999999996,2.47930890698396,2.734427416845209,2.5249526337080237,9.235597609190243e-309,2.2972321599868497,1.9566028973604184,2.565838359169647,2.5059840650880876,2.495296659113209,2.487148639653597,9.479720842330796,2.289816765631765,2.72454855342029,2.7960532430348,2.1600839018468094,2.68125475024427,2.0743356117298983,2.6888274099497727,2.1996127838535475,2.2711204547171597,2.1568170065827417,2.6668792432277844,2.1778504111877233,9.942787530406497,2.679644442416651,2.636142170262854,2.644787314805228,2.7094311675397726,2.260182982791929,2.4838714872017844,0.8079073132265439,2.5996838618970353,2.311069137675363,2.7033799159504563,2.18689277286291,2.51945072098459,2.4996900634324932,2.442430194955855,2.3504704947959874,2.6871375227710876,2.6279951607037457,2.844292530665575,2.6875435970816874,2.5124689052802225,2.4706970313783265,2.7883514239646097,2.8153524636975162,2.6314744875081826,1.1507391852415438,0.8334732961858207,2.7358930540728625,2.1566030676467194,2.303036396624395,0.5372468171591525,2.509580590517556,2.157774340572206,2.7104774550230135,2.4984563135298723,2.090005980852675,2.4792835678149245,2.5443921914539125,2.4358744367069693,2.747283115595965,2.691419231785518,2.5381339059414856,0.3768851802234429,2.19343441655056,2.413557070862894,4.25192919400865,4.132913191792614,9.325069328398975,2.2151078182214268,2.626411763673575,2.7795673781523247,2.1217533054062274,2.622500915081159,2.520071779305736,0.6525544580185508,2.569354352774937,2.2946069173547814,2.1207878551479884,2.33623628941938,2.6310779750494504,2.2673365546506736,2.05837348359753,0.30994367897812175,2.7991842994906038,3.9460920484387785,2.1249589082154507
sim 0_10_0_10000_10000 - step_10000.csv,1.6684748573981851,1.8734007534352395,0.8064118559609283,1.9383579145654952,1.4742826159317657,2.0924670009700783,0.3853119851591149,2.561576076527063,0.8427659400556036,1.4438308848968529,2.2499999999999996,1.628510101293796,2.1674554777118797,1.6046011647631255,2.2972321599868497,4.996842338391566e-309,3.0726676834709234,1.7487296976821685,1.6100714221379362,1.7879250264697877,1.488229924299264,9.479720842330796,0.4592498960570712,2.049001513473348,2.0113015846821405,1.2121835087323303,1.2083161747398758,1.6194302335940933,2.0312367621558796,1.503721003820423,1.25,1.333437966670994,1.3974778129600827,1.231886214374545,9.942787530406497,1.5553669021352534,2.020066315709423,3.9127386695292934,1.9180787919022717,0.9524296486962124,1.488099626971428,2.2542650833466515,1.0544143538446595,0.718049207591797,2.1862151566176475,0.8989046404430543,1.4620222743694324,1.538628626010999,1.519721348494847,1.1219335603124214,2.1473942206912495,3.714805314240907,2.318335432803914,2.0585193981666645,1.76666666666668,1.5586873471873657,2.17841752367232,2.428368598231927,2.1253048999163777,2.236481413387118,2.3406958491165772,2.0615618303242416,1.4222295717437605,0.6453659114389036,2.2972321599868497,1.4651491748911067,1.4503748461161932,2.0155644370746373,1.587359648727337,1.1443129275267556,1.378603156726828,1.736129420299052,1.5429954559196961,1.9819693436929877,2.0983384679553536,1.8176650544035882,2.3026714742592715,0.5328623816601001,0.7137807870361166,5.519880548732714,5.1161879236630865,9.35745710628326,1.3750705054661638,1.8200274723201295,2.356671464892105,1.4039577181506453,1.8879094094187128,1.7946206466287364,2.3332178049731622,1.769975282313284,1.272747507869218,1.2591026228463833,1.0355357124300428,1.7818654877121987,0.5982896002638367,1.2963167163107814,2.2875648401072377,2.2002118818745107,5.214043403162844,1.2893227285247904
sim 0_10_100_10_10000 - step_10000.csv,3.070277932113986,3.677871365576572,3.2417326163092537,3.1851200364537444,3.4280615078597823,3.5610388761876592,3.1762268332262167,4.207739739443024,3.457969695677582,3.4286524007558024,2.7403119341222943,2.6076424240234957,3.8989669359439834,3.295501482281956,1.9566028973604184,3.0726676834709234,9.307149987215735e-309,2.9445612129144045,3.483272614817266,2.9423684329214606,3.9390068163553336,7.889802828266188,3.0945454658901532,2.6379085342988375,2.875884003125034,3.2712891398583235,3.255664246334547,2.987625054615144,3.674603924622878,3.443956732869369,3.038197264154384,3.6826312202717766,3.3344968210090515,3.3104070400511705,8.69101384789859,3.5123502068922026,3.5423392152167192,0.8400709860583699,3.639706968815931,2.881671493532608,3.6277034345936965,2.4954411987352376,3.2812609431064406,3.1818210845619035,3.0265428970035284,3.1800144441903386,3.5779722216541328,2.3227750348530396,3.4166882581334805,3.217810749984282,2.5874660563667202,1.2048683776052298,3.6113591376050316,2.6892359200091445,3.1694181925335823,2.5447511065575656,3.598335357716959,3.8293485107274474,3.0364471941464632,2.2138352951367004,2.0259092748745418,3.2123954522275144,3.400317453727947,3.0251639360378273,1.979384822603407,3.819400021908261,3.4901995603122957,2.702682963439088,2.5043443034793937,3.1276715650432223,3.5489137888818028,3.1057911075086473,3.377078394150862,2.811194295779321,2.9257485779343817,3.3560190165508277,1.9830508036507135,2.9378258356015383,2.6023982283176554,2.642739063994414,2.793670884908325,7.5203529996521175,3.6724071779548284,3.0944926260991554,3.9392417510418163,3.547494251961696,3.008450718104411,3.3255997777346904,2.009620145747426,3.304289037445767,3.358865647107884,3.5030934104496247,3.449391916342233,3.7964389770884917,3.2005793116931742,3.6673947755773018,1.9485903992386693,3.4312449996450853,2.14137571969192,3.0598188754345363
sim 0_10_10_100000_10000 - step_10000.csv,1.490711984999853,1.490711984999853,1.8099075407662333,1.7677669529663687,0.9483910174661379,0.749279840605756,1.7487296976821685,2.4475492177973797,1.8233512370634104,1.2674117996861747,2.244869433956054,2.06155281280883,2.0404307028952577,1.589199658808039,2.565838359169647,1.7487296976821685,2.9445612129144045,5.07565743656764e-309,1.1846135819368153,0.9365996662989131,0.9944456034409289,9.479720842330796,1.7487296976821685,2.372421887756194,2.352126697267816,1.589199658808039,1.8346883852514493,2.102816330188369,1.490711984999853,1.2549946838575643,1.67078395719667,1.0602992833082991,1.7159383568311677,1.2563409657750624,9.942787530406497,1.6921232963351103,1.589199658808039,3.7846321989727745,1.423476640405388,1.7823917681657164,1.2404748857366452,2.5236963183478336,1.749386053019742,1.7159383568311677,2.4605499444726266,1.6921232963351103,0.990899317616078,2.0,1.239691731413554,1.8427135489585205,2.4161778352227756,3.6272479651818887,1.8857924110971176,2.3727696969937107,0.46858253335219824,2.0155644370746373,1.805786543994113,2.2464864541966065,2.4055062195521772,2.506777516654707,2.5985222763966327,2.378459707433784,0.8977789774780005,1.7677669529663687,2.5568200896525104,1.1402498443013847,1.1150252239299319,2.3574270287590497,2.0348525745124637,1.8099075407662333,1.108442259553699,1.3462912017836257,0.9353503761002114,2.3342238770163504,2.4003008735564526,1.2747548783981957,2.5749565500349565,1.7677669529663689,1.698020040760278,5.391774078176195,5.132165996270757,9.35745710628326,1.2821063014676035,1.6349688531857662,2.073817801536839,1.6173397855303604,1.5940100550359075,1.5197213484948469,2.5932228033327904,1.5103807466993215,1.624509345077739,1.6349688531857662,1.6807736313971642,1.5144031287263926,1.75,1.6173397855303604,2.555562560376872,1.7452857513068283,5.085936932606324,1.6173397855303604
sim 0_10_0_1000_10 - step_10000.csv,1.400516913633133,1.400516913633133,1.661615651056512,1.6921232963351103,0.4724451289413553,1.21373177703905,1.611366263794794,2.4475492177973797,1.6616156510565119,1.1625086353807867,2.2342479507264708,1.8742420275166367,1.9836479650935268,1.4531126318635519,2.5059840650880876,1.6100714221379362,3.483272614817266,1.1846135819368153,9.40613324457799e-309,1.2137317770390503,0.9698969669579822,9.479720842330796,1.6113662637947943,2.269917994296504,2.239175350435959,1.40339415164228,1.6896352472053313,1.8992757884809854,1.400516913633133,1.1751112400929529,1.511604769637826,0.6938636782911021,1.5799155844586985,1.1846135819368153,9.942787530406497,1.5783803014282967,1.4531126318635517,4.242205729696158,1.0990438245209986,1.661615651056512,1.0739037510122982,2.447699526387419,1.6151847292383437,1.5783803014282967,2.357013015456125,1.517282563074709,1.0914685545448461,1.8057190969018657,0.5855231850845987,1.698951803754896,2.314991074166239,4.239330861821427,1.4424288221709447,2.276878184834071,1.1846135819368153,1.8073055213968652,1.7535974670821899,2.237034925859559,2.308617474070222,2.4341532492462976,2.5476057545350583,2.2832151501473996,0.9576820336054136,1.6511832878272392,2.503863475215854,0.7323467051510764,0.754536635436164,2.249083680934555,1.8467453245584509,1.661615651056512,1.1018479783099782,1.0914685545448464,0.5779814010848454,2.210951812199695,2.3041662830971417,1.0914685545448464,2.522678388142259,1.6113662637947943,1.5783803014282967,5.8493476088995795,5.744248892910296,9.35745710628326,1.2124457458805167,1.5051993223490392,1.9397913632346684,1.4855245284991179,1.459095129262726,0.6907011765327001,2.539007395496964,1.4884523381055192,1.5046426730218063,1.5046426730218063,1.468769345001618,1.5070045881586092,1.6151847292383439,1.4855245284991179,2.4953555907110205,1.6667809985750153,5.543510463329709,1.485524528499118
