,sim 0_10_10_1000000_10000 - step_10000.csv,sim 0_10_10_10_1000000 - step_10000.csv,sim 0_10_0_1000_100 - step_10000.csv,sim 0_10_10_1000000_1000 - step_10000.csv,sim 0_10_10_100000_0 - step_10000.csv,sim 0_10_10_10_10000 - step_10000.csv,sim 0_10_0_100000_10000 - step_10000.csv,sim 0_10_10_10_10 - step_10000.csv,sim 0_10_0_1000000_100 - step_10000.csv,sim 0_10_10_0_10 - step_10000.csv,sim 0_10_100_100_100 - step_10000.csv,sim 0_10_100_100_1000000 - step_10000.csv,sim 0_10_100_10_10 - step_10000.csv,sim 0_10_10_100000_100000 - step_10000.csv,sim 0_10_0_1000_1000000 - step_10000.csv,sim 0_10_0_10000_10000 - step_10000.csv,sim 0_10_100_10_10000 - step_10000.csv,sim 0_10_10_100000_10000 - step_10000.csv,sim 0_10_0_1000_10 - step_10000.csv,sim 0_10_10_1000000_1000000 - step_10000.csv,sim 0_10_0_10000_10 - step_10000.csv,sim 0_10_100_0_10000 - step_10000.csv,sim 0_10_0_100000_100000 - step_10000.csv,sim 0_10_10_10000_100000 - step_10000.csv,sim 0_10_10_100_100000 - step_10000.csv,sim 0_10_100_0_0 - step_10000.csv,sim 0_10_100_100_10 - step_10000.csv,sim 0_10_100_10_0 - step_10000.csv,sim 0_10_10_10_100000 - step_10000.csv,sim 0_10_10_0_0 - step_10000.csv,sim 0_10_0_1000000_10000 - step_10000.csv,sim 0_10_0_100000_0 - step_10000.csv,sim 0_10_10_100000_100 - step_10000.csv,sim 0_10_0_1000_0 - step_10000.csv,sim 0_10_100_0_1000 - step_10000.csv,sim 0_10_10_10_100 - step_10000.csv,sim 0_10_10_100_100 - step_10000.csv,sim 0_10_100_10_1000 - step_10000.csv,sim 0_10_10_10_1000 - step_10000.csv,sim 0_10_0_100000_1000 - step_10000.csv,sim 0_10_10_100_0 - step_10000.csv,sim 0_10_0_100_1000000 - step_10000.csv,sim 0_10_10_1000_100 - step_10000.csv,sim 0_10_0_1000000_1000 - step_10000.csv,sim 0_10_10_1000_10000 - step_10000.csv,sim 0_10_0_1000000_100000 - step_10000.csv,sim 0_10_0_1000000_10 - step_10000.csv,sim 0_10_100_100_10000 - step_10000.csv,sim 0_10_10_1000_0 - step_10000.csv,sim 0_10_0_10000_100 - step_10000.csv,sim 0_10_10_100000_1000000 - step_10000.csv,sim 0_10_100_10_1000000 - step_10000.csv,sim 0_10_10_1000000_10 - step_10000.csv,sim 0_10_10_1000_1000000 - step_10000.csv,sim 0_10_10_10000_10000 - step_10000.csv,sim 0_10_100_100_1000 - step_10000.csv,sim 0_10_10_10000_10 - step_10000.csv,sim 0_10_10_100_10 - step_10000.csv,sim 0_10_10_1000_100000 - step_10000.csv,sim 0_10_0_100_100000 - step_10000.csv,sim 0_10_0_10000_100000 - step_10000.csv,sim 0_10_10_100_1000 - step_10000.csv,sim 0_10_0_1000000_0 - step_10000.csv,sim 0_10_0_1000_1000 - step_10000.csv,sim 0_10_0_100000_1000000 - step_10000.csv,sim 0_10_0_100000_10 - step_10000.csv,sim 0_10_10_0_100 - step_10000.csv,sim 0_10_10_100_10000 - step_10000.csv,sim 0_10_100_100_100000 - step_10000.csv,sim 0_10_10_0_1000 - step_10000.csv,sim 0_10_10_1000000_0 - step_10000.csv,sim 0_10_10_100000_1000 - step_10000.csv,sim 0_10_10_10000_0 - step_10000.csv,sim 0_10_10_100_1000000 - step_10000.csv,sim 0_10_10_10000_1000000 - step_10000.csv,sim 0_10_10_1000_1000 - step_10000.csv,sim 0_10_0_10000_1000000 - step_10000.csv,sim 0_10_100_10_100 - step_10000.csv,sim 0_10_100_100_0 - step_10000.csv,sim 0_10_100_0_1000000 - step_10000.csv,sim 0_10_100_10_100000 - step_10000.csv,sim 0_10_100_0_100000 - step_10000.csv,sim 0_10_0_10000_0 - step_10000.csv,sim 0_10_10_1000000_100 - step_10000.csv,sim 0_10_10_1000_10 - step_10000.csv,sim 0_10_10_0_10000 - step_10000.csv,sim 0_10_10_10000_100 - step_10000.csv,sim 0_10_10_10000_1000 - step_10000.csv,sim 0_10_0_1000_10000 - step_10000.csv,sim 0_10_10_1000000_100000 - step_10000.csv,sim 0_10_0_1000000_1000000 - step_10000.csv,sim 0_10_10_0_1000000 - step_10000.csv,sim 0_10_0_100000_100 - step_10000.csv,sim 0_10_10_10_0 - step_10000.csv,sim 0_10_0_10000_1000 - step_10000.csv,sim 0_10_100_0_10 - step_10000.csv,sim 0_10_0_1000_100000 - step_10000.csv,sim 0_10_10_100000_10 - step_10000.csv,sim 0_10_100_0_100 - step_10000.csv,sim 0_10_10_0_100000 - step_10000.csv
sim 0_10_10_1000000_10000 - step_10000.csv,0.0,254.3964467739266,372.06908335612695,109.65380425354137,328.7514119041218,340.96607129499444,458.11142517876925,541.1466321140364,383.0615904037162,716.3311422304855,356.6454030629306,372.2649342053311,387.8739089796761,41.63855679272389,927.5136514022352,431.3934745273547,900.3803920971554,36.411120536446894,306.5416870453028,105.30174161554761,341.5812099161327,1317.8707072633954,447.77877294756206,616.9072678371369,572.6860898395577,698.2552583130656,176.84259655285229,550.9639665892678,310.81566988663207,628.8295458416782,440.73603244252956,685.524007859793,138.4309489812467,634.6455735853258,1300.2027951325115,281.2852051792854,140.3569275216147,877.1249268114913,319.6402655251757,467.98881419802836,308.7507031806504,877.7891311137867,71.39242119954861,461.8134672592302,829.8278119614614,576.1685403800991,259.51450909662566,350.860634460885,349.70754723196677,378.3908075520741,714.3603099538145,985.6826414196579,427.9887462023244,669.6347255256867,78.78561398086303,357.06068491173943,378.6152037555172,452.4052218555777,725.7414933867151,804.7271809187199,1057.5161771053376,644.0040350787074,666.7055783824926,413.5780602704853,891.3184276960415,307.32262132366566,758.3282620321803,548.7811844831903,359.39513833218797,708.9731201200425,283.88919954849473,52.50741628678269,300.97818618472814,532.4743428338675,717.9995781164185,63.94551748048021,972.579001679635,521.4501519096817,316.57361938902875,1277.3935488352643,1086.7525568620752,1309.7132079473413,650.0274250576527,90.96726978248533,402.24230392243925,688.8825627479207,106.19260347218614,77.5654195150595,1033.6550504614718,63.08117390374988,461.9448331214495,702.462152495365,410.7137855150077,235.32564525965242,470.5132744124771,780.1125490767018,912.5343323479175,383.23678207501183,1191.5103962802314,743.3892362734308
sim 0_10_10_10_1000000 - step_10000.csv,254.3964467739266,0.0,399.8916557308459,231.2702662237857,251.53711423283033,94.52622876238613,505.0175415033389,397.54589791071277,462.87019386053737,638.1450191733073,555.9022547149273,601.7418612077918,145.86197287122405,273.5593202513584,1140.228701196372,500.16317593424293,990.0389859837952,243.22534731228976,227.29662733450584,329.4235048351726,262.90041126657513,1347.5747922078765,509.5565574712435,778.3916384194455,716.7489988574549,633.38856735107,161.0333699527769,658.0446753014751,67.90047197426611,552.6948937397758,540.6961970934311,610.3331008908151,168.08214245558003,565.2446006371547,1312.9027730196472,67.46519265781816,188.15772844606144,947.4125418318747,74.43154222080955,538.0275837438205,234.23611600957435,1107.6638312854734,231.27398520072683,485.80790174412675,996.6379426724121,595.441810700232,197.63975293166737,575.2483811452996,274.8772900990707,422.4111288461927,880.3978883308944,1066.3020448316938,277.6000455304712,834.8490679854445,308.69902263723617,586.3223076922746,215.32841234320233,264.2793630277626,896.810783665015,1030.3151982467962,1280.0126304558612,803.0438805751895,589.8754713546269,478.427993490677,1114.4003498626805,229.8399700391322,678.508849410648,703.6581351517397,586.2033146296272,651.411936349029,244.6658664248022,263.28992897222776,259.1797800803173,682.3098689122725,885.3410977714408,243.07618723623665,1197.3208700968535,578.2372806805578,338.7806143385888,1329.7412418000292,1144.451051321925,1311.0172529851495,574.8439509595545,188.7773580682916,221.35629136927733,618.7507053510516,181.70656127821306,269.2176432568631,1246.1270665275913,261.9008802325484,486.972474470371,626.0374830022911,435.7178197239068,98.27190514557638,496.0085766330498,702.0710945762984,1128.6409132439983,221.6982067032944,1237.2566647404365,668.4775096088686
sim 0_10_0_1000_100 - step_10000.csv,372.06908335612695,399.8916557308459,0.0,337.48749604203556,174.1047031380436,488.8354007097026,127.69226487663947,776.3818680355827,113.99003259453372,383.63899729995586,552.933737388192,474.55763943877525,542.8751824831479,353.96043556942345,897.277683553265,120.70501324514966,592.091923064573,371.7483128229838,215.48616210332221,330.8268779947094,190.63612120724852,973.5665999072959,131.19713317874982,815.9982091553832,789.7327636067768,336.9406883435879,398.7898435282161,306.47904553446773,466.2217127210091,305.16474532398786,180.75471639923475,338.6716820769641,432.42362651803273,285.15459744890853,949.1113914488402,428.782393281434,457.7159648172221,554.887929753944,466.68369742304077,149.15554493399014,194.92937504188376,884.4568324867882,389.5127167547559,119.17542157024849,1010.5002208825924,219.85008974066002,224.08958452937972,479.6508614539077,161.7252466016893,80.11464040842768,901.0280411357957,670.8993259218536,648.0745972340648,858.6361840421399,342.565414208613,473.14132068713394,590.6821939030275,653.8811441866998,905.6930860039076,808.9889057302623,1048.8228899869814,845.5109996904314,333.2774592046705,107.30884211094923,900.3159877447525,220.5351635494878,421.0809201968283,762.3560620400326,498.6629184917849,346.7919197187374,167.01353607573927,342.1221828426335,171.74749361310657,750.1673746360391,901.6207981954436,350.10584315751345,964.5089312888831,185.46158971035774,91.24392711332767,944.8768819060397,753.6073338299452,954.0541670597287,314.7109270748407,425.9653260946337,599.0514454501737,349.04065215764075,431.4058813680329,328.1409082530376,1010.6887488743665,342.14158432819715,145.0006870925818,353.4620341346702,82.03520008425822,368.50088667416213,118.93700853191783,441.89069165710254,882.9373704424021,594.2511773392642,852.004895742407,394.55166172800614
sim 0_10_10_1000000_1000 - step_10000.csv,109.65380425354137,231.2702662237857,337.48749604203556,0.0,281.88604351523026,303.6452286734171,431.6596097109951,505.17835509298436,362.2639555296236,669.249937162851,342.11758372638934,421.6552967147164,337.60836581298616,97.16151122987989,986.6624447225806,410.93462372899194,898.6742258139742,89.18451174254972,256.9259816748254,125.58424172653677,296.2490060899848,1303.7151966641377,423.47968633665374,712.7110024884287,670.634920337426,655.9889642131262,191.54835605562565,534.2979556461065,279.35002250256315,581.2862777932386,431.35876144954585,641.2256622821801,149.39020760355746,592.6036016122247,1282.3907029440384,270.4916003153907,144.9999941284059,871.0739771495881,279.64264025186486,446.8368271431736,261.25096926705106,950.5626279003548,133.5442471011517,428.97996919472,922.3394922726008,542.0185124618629,230.27321536623282,392.2771709955982,303.20263427033206,347.4554407106633,806.749121553352,983.6101103947617,395.10075854551866,762.1775002692222,107.53111133246276,404.9653881352846,340.6513268160808,412.3389375069236,818.4229632950197,874.3439608257634,1126.5749980741307,737.9759013495525,621.2729848400415,389.5693918040139,963.8220204678717,260.8854151397482,712.2011994072205,645.9506524715889,409.924912300258,669.0584793443511,239.08813737754264,74.43083040100181,255.5890600851242,630.5149791428821,809.9173248013002,62.99747502440483,1042.494110286938,497.27759625793334,280.8083071150529,1270.2859417454301,1077.4511071740096,1289.3234280175864,603.0711384701053,129.40643685397714,363.4838457292497,644.012318237663,121.75821095820471,77.25937319097886,1095.6068424515443,68.49481853064306,425.87933320085625,659.6736395542936,371.2495940629609,218.66856424600385,434.50435384585893,736.704941234816,971.332302782894,346.6602778385437,1179.167287354062,700.310179057345
sim 0_10_10_100000_0 - step_10000.csv,328.7514119041218,251.53711423283033,174.1047031380436,281.88604351523026,0.0,333.9707517221362,266.2571887759432,637.4783186133826,233.00411442715819,392.76542108088165,556.617510850677,509.1470089895311,381.03668186904866,308.78817290955647,995.7242489371142,264.096046027622,751.8430175896181,325.66447459583424,65.84220778182109,287.1859700444255,64.88532692538135,1109.016689059064,272.51581769356324,841.6879758561618,811.7171655825966,396.0422289516798,369.9857208885372,432.28668026651144,310.71777445671967,308.4000525487588,304.0705392328253,364.0639590686146,390.4523843869335,318.8037360428173,1072.7784786030165,303.24643938002856,409.2619585144767,708.5170007673121,306.1133741986561,301.6333010013274,36.95324839408876,968.3431442369937,352.42691462823376,248.41575544436364,1041.3334602039795,357.12268368703366,81.74847873805062,511.1951858382784,42.555722506277455,190.29118353181732,930.6662552910046,826.9352329363659,518.961426578298,887.0969947539188,298.5974733115514,504.8053623217224,456.1214242034727,503.82991077311766,935.9673847926983,891.7640679645723,1143.8430728398318,870.5826778839225,343.4371676849886,243.94049671949273,987.3743043470843,66.25842053882397,433.3283475013754,785.048304182344,533.1365942593085,414.58719229228166,57.50472168990948,294.8666567695091,58.2063090591061,771.1218443435881,931.728368214105,302.28737049512097,1059.437988835348,342.46220300142625,122.22376247348184,1091.406667702076,905.7976201185622,1070.9318562095239,329.7336730841765,382.50999164987854,463.0378903036569,385.91982660718304,382.37021985110573,280.80566713195054,1113.8653029935385,294.12231330415784,253.53411395004676,383.6626720362106,196.44381498848347,208.4025853329641,258.16177903804027,462.42485076136967,982.4777945373772,462.2674782666751,999.3276098015184,431.18079966916224
sim 0_10_10_10_10000 - step_10000.csv,340.96607129499444,94.52622876238613,488.8354007097026,303.6452286734171,333.9707517221362,0.0,594.0518583802158,315.05105198093247,551.7306724366517,716.7496074679902,593.9108104738362,680.318324252755,69.95667273125454,359.1891005709379,1219.5349243211308,589.0830983150546,1078.4140722819918,323.7547371112817,304.63270704484535,409.36563028741136,342.616934103137,1432.9459019924723,598.5624105287824,808.6276365451685,736.0966880960013,717.459965182687,208.57297705818326,747.0989074432609,45.96133587877577,631.6614693958949,629.5997824308552,690.5729590812857,235.2306392404318,646.8757702332966,1396.416115835742,85.64808569208331,212.84711681145507,1034.3963704488785,60.21470105833759,626.9332283049955,317.0760177464651,1187.7278498048988,316.21423346811525,573.942367773746,1028.5157516941322,683.3498338602776,284.10871787609415,647.8208517121162,358.9744727996316,511.41962471278447,911.0174983200048,1153.938778335648,202.01441518611742,866.9864173245231,387.81716576772436,665.1105618837782,140.0409985765043,181.44385401024778,932.7612210561088,1109.7885144226332,1357.8258727509728,831.0210546371289,669.5379680957964,567.3976689311187,1192.0205323795972,308.4224006522528,757.327033163848,732.1038018363288,653.5946509608478,737.5138195104167,333.2292025643953,341.3483883034534,345.8541628272225,708.3614247120634,917.3345731427831,321.3282636176494,1276.5345979677306,667.6265139582755,428.1105616855425,1416.0770252498774,1231.4862434875529,1394.3105474755862,653.2239025110371,270.5924278365479,141.50013023884716,702.5448378271972,259.4736310252232,345.74952346133614,1323.9102033128863,340.6352133966189,574.7488685052308,706.3037236136232,524.8665070850549,173.45037076450566,584.9082333013856,783.2353358455598,1209.2345556793089,148.31379717665638,1324.0533436958688,750.2376796908819
sim 0_10_0_100000_10000 - step_10000.csv,458.11142517876925,505.0175415033389,127.69226487663947,431.6596097109951,266.2571887759432,594.0518583802158,0.0,881.0368207219368,91.23443876402678,283.80433442690435,596.9233823304679,568.9325879209949,646.7010824028175,440.49784302481095,869.3116986076459,44.555167586028034,486.8073720570531,457.9410994804107,313.8355311395396,416.0397381689702,282.4523696614403,876.6334369756155,47.620276719706794,884.0918125517384,864.8143146681779,246.50193769782626,484.49465891206,244.2309318517665,571.6694721897787,207.53680301991275,76.72713704509331,241.45493455723678,522.4838138072092,188.26171666276255,853.5874148560586,535.6792664127204,544.8542763295031,449.23489126043376,570.665884903927,65.76707715552662,288.3977613718626,859.7428417420081,478.2428282919676,50.1952541654642,1064.309008772362,123.1372570405376,321.3546463930173,571.8006267477135,246.00152264138075,107.18119722666238,960.6094938120026,564.6278878941325,752.6846009136284,924.7607525677992,428.14041861711536,561.3745666876166,695.1831492125546,758.383804385304,964.0001990057195,789.5274140599331,1018.2364866960589,914.7284740751808,232.6055090736191,57.75855877679763,877.1361559996711,320.8510559137479,321.29893487083774,836.2042915434598,588.8864316934336,255.93641805852434,268.2195071302937,427.86147902166607,255.4152003675199,826.656094242192,962.4115413135567,436.77667256629206,934.7276118264928,102.53284645196561,180.3145339234005,844.2403444479661,649.5137517714543,859.907244418351,215.02029208737045,513.74988305545,703.4077796955637,249.65083159764205,520.0470680512519,414.02444548777385,982.77722980753,428.3489098623068,81.13698689488427,256.184665945553,84.0520025490541,472.41676920761967,40.9301569883111,343.03849074468815,851.1331720395723,698.8573321282703,753.9175882884534,298.6419863359041
sim 0_10_10_10_10 - step_10000.csv,541.1466321140364,397.54589791071277,776.3818680355827,505.17835509298436,637.4783186133826,315.05105198093247,881.0368207219368,0.0,826.6974122877305,1022.644183804247,717.8286742485329,857.6846857415536,275.72526954350076,563.3111271312824,1401.4503325564472,872.4886905506442,1365.352859620605,516.9076709336575,610.2086304862149,620.557396392161,646.6953147826814,1736.6058532175307,881.5209322192059,809.8438479113142,695.9541950692401,1028.4577272888193,438.05647591547495,1012.504031458531,335.7933215980192,936.5422402396714,906.4824255558609,997.0651643766678,417.8813616000574,953.7881476203983,1704.718084191968,365.36823583921233,402.95283398138093,1329.2812474690463,341.05688118107423,906.3668066241155,618.3102449020739,1341.7921856723158,495.4962988160814,865.4430250218279,1008.5164348713029,975.954578929331,574.543353758786,835.0314814872404,657.3941266019315,793.6801128413732,898.2662691853595,1445.157487796415,128.70594634215826,869.8533059096465,597.2947353205521,839.5017467713101,186.41460775409232,133.99367151075404,937.5636626859418,1276.3663759144538,1515.394079567741,809.6257315378837,973.7647891243873,848.2639196379431,1346.572775509387,605.4655565216785,1064.1757837838402,736.9166041749307,830.201029593402,1044.86682768359,617.2207793373894,558.2962889468456,629.4960235120333,697.904795830442,907.0330506196174,530.1488911007428,1437.4018887597267,950.849122833734,706.2381396216023,1715.9179955446164,1527.7929402463494,1704.0607782681936,957.987122693975,455.4179770114985,180.64510992227991,1012.405752321548,435.7376809036028,567.3560653866426,1496.6127144170143,551.9945867412106,866.9699547024051,1014.3841545912047,805.9101697537222,438.95962296711866,872.3844772502914,1089.3975913041802,1388.0944825716324,182.5684432880586,1621.8848156451118,1062.6812086114141
sim 0_10_0_1000000_100 - step_10000.csv,383.0615904037162,462.87019386053737,113.99003259453372,362.2639555296236,233.00411442715819,551.7306724366517,91.23443876402678,826.6974122877305,0.0,369.4339556196303,540.5460635959431,486.57058919949714,606.7698754578652,363.99533538380285,820.984204273354,67.89130264288369,543.5300009335798,383.4615558974488,291.2995081455875,339.0499802566603,272.1920561225543,947.6474900657721,89.20165373971517,807.8597398312462,786.8166415170215,326.6442226248815,412.5514383317363,225.7585810710694,528.351440144576,290.71030108086325,111.34333044490585,326.7549166626215,451.0644179287229,273.567171202029,927.4348550046859,488.5315186491498,472.96820756297285,513.0280488631669,531.1747411307138,92.44196673022694,256.61398644836737,809.518213606078,404.0940509168719,103.20220680270504,989.8658830500157,205.9417177897846,281.03468115366854,489.80617914821147,221.15540879709746,58.4163208044753,885.453441752048,627.1076501724812,700.1809871206893,848.5063028470773,351.49483452009946,479.0103101302293,643.7897664438755,710.8202592524235,888.9003844716069,736.4977461563212,972.1569098742527,838.1708437320781,318.9630765173844,65.79594379129321,826.8466964436133,293.7971106800761,406.89557626035605,758.517731666093,506.29576123763445,335.3756624771826,228.81032343159455,353.01252945668887,211.15049587921334,748.2685516143963,886.9953517572544,361.97896326472477,888.2709279152871,145.28209621933863,142.38833756195058,910.2995704171523,717.3188793568247,934.395949871374,300.57569571406896,438.37319653112974,654.6803691812994,334.5504902073914,449.45385213972764,338.1547392016682,937.1312946506265,352.79895419713796,139.4907244899877,339.8117940017076,82.68207952369639,431.2076728602049,103.08162792423087,427.57110517255074,806.0942338576984,646.287706260095,823.1863566320892,382.2978502088651
sim 0_10_10_0_10 - step_10000.csv,716.3311422304855,638.1450191733073,383.63899729995586,669.249937162851,392.76542108088165,716.7496074679902,283.80433442690435,1022.644183804247,369.4339556196303,0.0,836.6650623488426,846.3775444824736,752.1915566207267,696.7110317965966,1019.9534766560902,319.41312239086864,418.885631273111,714.0444364022562,417.3417808840877,675.270586084356,386.2473449475116,742.6710332462426,298.9716236262162,1136.2592961592634,1122.5130582920456,74.74857073225947,755.0077589827729,390.02797558652566,695.732123859372,92.14715105276878,304.9521062955027,61.36191288920852,777.0748775231507,105.25898694098906,697.8539313151269,691.4180368661508,797.3196551445818,355.00545752830953,686.0888199569921,296.46651511287087,409.71943124201636,1018.494865319089,738.5227743289487,277.8601685178297,1301.2998234494958,173.45824881502963,458.95769724245633,848.3962013770696,370.8432700877924,373.99338674854124,1203.3518034500855,476.86470450901726,904.399765430077,1175.4443320291678,686.7005615030614,838.4108427004113,841.5080519617071,888.7993860880339,1209.039295304527,967.1872416372546,1161.0254226788702,1166.7394290680706,65.75697824955651,329.93835249098873,1041.3178124282315,422.889194160834,65.86740184814975,1092.4335872757392,866.1668693708026,99.82091419426337,435.6968987214482,683.0733215802768,416.6165586019058,1086.415971833595,1207.134858344662,690.3949447935106,1084.0782709618015,269.4868897836793,415.07548489549913,729.6357338243581,550.8605764386633,695.1501888899859,82.37937138103054,769.7841799302286,848.7850896354199,55.37101522350288,770.3581735177282,669.2008812132201,1133.0854219815258,682.1839239605151,265.73503650869304,49.32000828922205,322.29817176944886,588.2739265808583,270.955114164609,84.78566737632289,1001.0068048406547,847.7293292209353,650.2311703095838,64.65981772712435
sim 0_10_100_100_100 - step_10000.csv,356.6454030629306,555.9022547149273,552.933737388192,342.11758372638934,556.617510850677,593.9108104738362,596.9233823304679,717.8286742485329,540.5460635959431,836.6650623488426,0.0,256.0750650984263,598.2187734994471,332.62756845508164,883.9918298191354,576.30936228049,916.54776819708,358.9494685978241,560.93831382762,297.2025664557274,582.162663494557,1383.805992175867,573.5514944309383,722.4131204064959,745.8186758226308,817.4996766173169,487.70930878978976,712.8793996861534,570.0109278193232,748.7948541341027,559.5921431838001,806.454907413683,445.71761254900025,757.1009314702954,1374.6695540241808,574.4367958216541,400.4981493293771,929.8549931426792,591.4828644333596,594.2299201189011,555.4177316774037,780.7669684169324,409.11267496832056,594.4803405151131,869.791868165278,694.4677419344016,556.7239093874073,214.34929476542752,559.0349724285023,556.3465484322677,790.3742837231393,1007.6699304427723,655.1552403801547,732.6180829735042,298.38169140707333,230.91816336467394,608.6734810392938,644.3395450732733,781.9519164993748,749.601483487071,941.1311615479719,747.8218772341852,787.3879082426571,553.5602504945708,807.3921414757233,571.9466733819002,878.7457766878853,689.0551149289553,223.28632568382338,826.1397905264764,532.0386694414075,346.3635173078097,522.576038969987,681.6060942770048,784.3886243583111,332.89035148768846,862.0224055470184,649.3150922466851,513.3113176382744,1315.2776194445307,1130.3503360422794,1386.41815571266,771.1255331301435,401.0459924030103,618.1414175244197,809.1658709740323,406.5417971955437,335.4784858071814,945.9562061699824,341.3279613555111,592.343211357573,822.5844771226446,568.3452123334015,539.1303884054483,607.3095512337857,900.6662037210432,877.2973695398556,613.641074538162,1251.73772635738,862.6732271730787
sim 0_10_100_100_1000000 - step_10000.csv,372.2649342053311,601.7418612077918,474.55763943877525,421.6552967147164,509.1470089895311,680.318324252755,568.9325879209949,857.6846857415536,486.57058919949714,846.3775444824736,256.0750650984263,0.0,727.0271520053982,348.2647254894273,707.6852982478188,535.630388555147,867.5382292797846,387.5973776250841,541.4816013090668,315.9421694175399,540.3278109371407,1335.8365631439053,554.8124985838342,524.8713887623885,567.8111112140913,803.1314771325261,474.01329415828286,613.7420035186129,649.7348439880932,765.2856556637155,551.3710782706012,805.1050786115343,460.1897306219467,750.9146292251496,1329.8108622291215,611.7318772613307,478.6940551114586,891.636002674964,668.0184997396542,563.8834822216766,517.3623369307061,588.2340280543044,387.8127666276939,577.87410389175,649.6346176090739,685.8760061152008,514.0117600653931,73.92690390489098,526.7291108601605,482.2058191616862,580.8012168387663,961.181677719045,757.7089553316727,519.7022125642893,330.5889194358184,51.20743068310169,714.6555242240421,783.9378397953784,560.2356078373746,576.472795338952,754.8480261363956,554.4332530264871,795.6194936038971,526.2121924640089,630.9497340584683,545.0011405102446,885.8681162188326,506.5021635840047,53.23219198338272,807.2811547392482,478.21450927988076,380.6675174991318,478.0690897563588,501.66226980926535,569.3429309115878,379.7385386822603,685.5674077895684,613.1342905366225,445.61114905239117,1261.495755277154,1084.708064564399,1341.0233598073364,776.7764781998779,420.87781208600813,738.7801282848316,812.2798085331485,441.80006735702756,373.5706925209399,762.0511871519955,389.607307455955,593.5574860968027,819.6385039674739,531.4622973254271,602.2601976869599,582.3549722342124,904.7060186927656,707.6368482836671,720.6435622426677,1202.046346146039,857.4506726918011
sim 0_10_100_10_10 - step_10000.csv,387.8739089796761,145.86197287122405,542.8751824831479,337.60836581298616,381.03668186904866,69.95667273125454,646.7010824028175,275.72526954350076,606.7698754578652,752.1915566207267,598.2187734994471,727.0271520053982,0.0,407.27253174309806,1270.5299653266304,643.2671417821116,1131.8082179528963,368.22413129736765,345.5379067750704,458.83164025474423,380.378633278331,1485.0237001399785,652.284113075775,835.3782349100619,757.5342076642336,767.847042904279,254.68591523114767,803.3853574713605,85.38974607617884,671.4923496967289,683.7298325597915,727.4560387042617,275.8155065276967,688.5440843048274,1445.9737224031028,134.7607779312851,255.6087933727841,1086.6275574665808,77.8166032350528,681.1797250197824,360.83363844628866,1236.108927758753,357.5954284436252,627.5682604344572,1053.1862940192964,736.4537706706667,333.38980033703746,694.6410956357738,403.2958621167075,566.1290556601764,936.0045532384955,1206.2440956762707,191.64428555282052,892.7721422167907,436.5057171104546,710.7260604284985,122.12380337045249,144.31501448390677,961.4096017235246,1159.452932939061,1407.4455422060414,854.6427774047154,705.3852224976213,621.3111301961151,1240.869682147457,336.4599944509671,793.9712774859671,757.6353678722456,697.8781619071245,789.183784143502,384.3189803198767,388.7666546195234,397.28640473501525,732.1589644248608,942.3844651747103,367.29548976146486,1326.2006918649445,722.5535156278493,481.08060321244443,1468.7564498075992,1283.9843304613737,1444.0114912129568,692.0200629376949,312.2913063214514,122.63126683101088,752.3692357249748,297.9979291244188,392.11604371757556,1374.1906232392998,383.42985674186576,627.0528316018673,745.5169129717066,576.3973733285809,184.4773723145622,637.8249886836489,819.4349302905529,1260.0393616403458,132.90425998612145,1377.2424271162338,796.8801355648886
sim 0_10_10_100000_100000 - step_10000.csv,41.63855679272389,273.5593202513584,353.96043556942345,97.16151122987989,308.78817290955647,359.1891005709379,440.49784302481095,563.3111271312824,363.99533538380285,696.7110317965966,332.62756845508164,348.2647254894273,407.27253174309806,0.0,915.2135111490219,416.29027366831974,883.0773592547682,57.72969300634166,286.46148669704667,79.62859983982176,322.275188003117,1302.9896597651389,431.67468365329756,633.3154254118541,590.4741679876723,680.080359939734,199.20348181675212,532.742109630307,329.8477508248268,609.2717772770283,424.5390458699398,666.75598440967,159.9610193251027,616.0964985276074,1285.11717055485,301.0454546571038,163.07343161291809,860.859873348349,338.32911770528716,451.1427761509024,288.959562505808,866.891711583839,98.83613360048639,444.1444669073548,843.0671743825088,559.2370064010682,246.97824187388605,326.6539122323456,329.97855033898895,360.3055021838364,728.4481445919781,968.0931070128372,450.4464375285315,683.7201286758052,52.136268530929584,334.3715550528284,401.0694331182002,474.4687998158673,738.8044687846455,793.3813601687705,1046.2565034016513,659.0197863839303,647.3685006210712,396.13370608066066,881.6995709441642,287.8899037778923,738.5818614221859,565.9330272816843,337.97021418149865,690.9523781787238,264.9562774028785,47.969410355844914,281.49157992165954,550.5725629298512,731.3669058204698,50.81608950900797,961.4832573628179,505.56673665160974,299.66036886618883,1261.7712140683016,1070.7766527385127,1294.5656253732923,630.8963497315117,114.26977658232336,424.63960810693743,669.5169871964804,128.5954796000323,53.92082213102603,1023.0828458285512,55.9311412870586,443.39699608113654,684.2418921455927,392.5241839149011,259.0730457302915,452.79156306917366,761.6314196827458,899.6669170234646,405.48794393815155,1176.7192705779325,725.2939582883057
sim 0_10_0_1000_1000000 - step_10000.csv,927.5136514022352,1140.228701196372,897.277683553265,986.6624447225806,995.7242489371142,1219.5349243211308,869.3116986076459,1401.4503325564472,820.984204273354,1019.9534766560902,883.9918298191354,707.6852982478188,1270.5299653266304,915.2135111490219,0.0,857.4013792382127,785.7285191677435,951.6279240298999,1044.339577491212,878.7436587812118,1037.57773846231,1022.0506275209782,873.6181334008578,760.5953062660823,846.1435951830643,973.130128229638,1022.9628229824849,653.687303649342,1191.8398210496412,1013.2725120533902,856.8086749010904,994.9460612728277,1022.5903488948866,962.1042439507856,1055.8067827216216,1142.2695014301883,1050.210962420673,872.9302413659685,1199.0913273196134,827.559320812425,1011.798413839934,161.840729944717,951.9000393257028,903.6300171361862,753.2540113115971,891.2857208185868,995.8370099872113,757.8734650348946,1001.8299275968504,846.1510420266642,740.9197926337303,868.2563666569207,1297.5155057825257,760.4201574508209,894.9647045932246,736.9238568235605,1259.6709077647386,1326.5724979781196,732.3058137907365,166.74112242279364,176.48318598557765,787.2483811081006,1012.5733187657013,871.8914298499178,111.95150143021218,1041.247047982477,1064.5988274149042,778.8025251665966,742.803921701149,928.4883188922389,972.872394627084,926.7457751611694,964.3545955791034,812.8242818517557,755.6759851930119,953.475350311031,95.32652582226335,798.2248999930091,922.5100536476316,959.5919428284354,939.2835031463728,1070.4162704586015,1018.4295570051402,992.4709544667874,1282.4725294173159,983.7832602007577,1010.0373031067394,927.0798268781851,135.74148435435117,935.1156207777777,940.7638965960465,986.2093092682337,892.9415536024644,1113.538787907068,894.5970967008152,1024.5640958915255,52.82975013827998,1260.8290725872318,876.2137283808516,1017.7559456232505
sim 0_10_0_10000_10000 - step_10000.csv,431.3934745273547,500.16317593424293,120.70501324514966,410.93462372899194,264.096046027622,589.0830983150546,44.555167586028034,872.4886905506442,67.89130264288369,319.41312239086864,576.30936228049,535.630388555147,643.2671417821116,416.29027366831974,857.4013792382127,0.0,495.9806256124199,429.8984157847807,312.5741713497483,387.80449446131587,282.17230298520224,895.4870647128063,50.52107830482893,850.2155772601897,832.9840283882862,278.2944530865261,458.25188527795723,248.43958012822654,566.4330836747324,242.44720835138207,71.562294334153,276.41378070872855,500.6444375140809,222.7093095897978,875.1418555628912,529.402427603507,520.6195456162133,464.27670016691326,566.7873696436645,70.62111891923976,285.4289997835332,846.8710002649937,455.5119307350536,66.6673399892657,1031.5935436931654,155.15671243303558,317.85712640439726,539.7873051220863,244.16803530743388,94.81712460199724,927.0856397121061,578.5220876142723,745.2055802726036,890.4402543113323,400.4090468681441,529.0594308043231,688.0628411184192,753.3343084950741,930.9547802251269,774.3678530442778,1007.5271919616183,881.5013657449325,268.5370936994599,43.49603401960005,864.3988198787745,318.77267625941886,356.0826730650574,802.5065347262729,556.1815365484841,285.6075901922602,263.4307394231564,401.99644393004417,250.96630435902773,793.650321579791,928.6623903876168,411.0389859332667,923.4224884258223,115.24337745159097,170.18127827829818,861.384614843881,667.9359703391723,882.7509366493873,251.08591150493484,489.97041324284277,697.7613516415372,283.2056922461865,497.77639957440954,388.28328586299256,971.9804840979057,403.06556976599046,102.28777709602474,288.8757918719921,75.61369984864626,469.05907243445694,61.9941046361547,376.36571947325433,840.2405102786378,690.9946196178487,772.0114439570871,330.6493873158861
sim 0_10_100_10_10000 - step_10000.csv,900.3803920971554,990.0389859837952,592.091923064573,898.6742258139742,751.8430175896181,1078.4140722819918,486.8073720570531,1365.352859620605,543.5300009335798,418.885631273111,916.54776819708,867.5382292797846,1131.8082179528963,883.0773592547682,785.7285191677435,495.9806256124199,0.0,902.9236705264474,795.6418648658159,831.4050722494533,762.1835190126861,512.7641013108808,486.39297442993177,1115.3913431492842,1139.524975358058,392.8770711484758,943.2656253923153,411.1018411860411,1056.0550977344292,490.8837020929499,469.570992240942,440.4627023512739,987.3348990375133,470.59077455494173,506.8161676797491,1019.2051972762139,1004.5759446947592,111.53945187135653,1055.3890351714294,460.93102437240304,772.607295271631,825.6832674271805,935.3831493716967,505.3493558429454,1238.1993672337683,399.0562592169855,807.2176076501814,888.8186329041473,730.0807416941203,572.709232347917,1162.2453223526798,114.00042834550544,1237.5692004660143,1146.7924748291753,854.7973257938116,877.3349632240274,1180.229484763052,1244.482009736382,1164.1592082280895,790.4273635569856,915.707724089445,1147.3082635115447,464.5221909382959,518.7641783447194,837.3992521602811,803.5390037766526,411.67739190675314,1089.4038037591556,896.1702383116042,363.18858963716485,753.4999809444429,871.3319189691722,741.2160204567904,1098.3178866180124,1170.1391979076488,885.3646911110075,855.4739488753414,420.14086342274175,659.5624698967578,414.523920043462,226.34420130302698,505.2611596341483,474.84234469352066,963.2838104099267,1189.3628260145404,406.6264453941928,982.4498362300882,854.2960492241131,883.7974255114844,870.9444429693093,508.01137859039454,415.8020737985937,561.0099196814144,957.9282913878235,496.0036707787568,374.24888994925516,761.4714226224778,1183.6786949483603,382.7686422385769,390.06595826961683
sim 0_10_10_100000_10000 - step_10000.csv,36.411120536446894,243.22534731228976,371.7483128229838,89.18451174254972,325.66447459583424,323.7547371112817,457.9410994804107,516.9076709336575,383.4615558974488,714.0444364022562,358.9494685978241,387.5973776250841,368.22413129736765,57.72969300634166,951.6279240298999,429.8984157847807,902.9236705264474,0.0,301.6942844929889,111.57440824594416,339.8628458865601,1319.4302370985124,446.3199420975281,634.8307738626678,591.910178900146,697.2113559208689,173.18774857200594,555.5895204754156,293.37307364153463,625.9359824539454,440.0414727166342,684.1661747049684,125.68314835242371,633.3627761806516,1301.0655858284174,274.28751241184943,124.88227129732996,878.230912348186,303.5509450906576,468.56309749207,305.9018590881255,899.8724012268523,73.715335961615,461.3132294544453,845.9491550900786,576.2237293242329,257.9715383832774,367.63708176449603,347.32944220099563,377.65690474613547,730.5952807353543,988.162384972693,405.23704813620344,685.7942601751666,84.91415033070498,371.8383621311243,355.5145431893019,428.15053387074613,742.2662474880182,829.3891546469265,1081.9691094644688,660.3994235885157,664.826396321931,413.0073454553675,914.6028248895735,305.03822258236715,756.0610737544713,566.6715372100394,375.54581880703125,707.9930716455352,282.30091205878443,50.136961959830046,298.9626628963594,550.7013061881421,733.6239239458499,47.30109226781655,996.713672787158,520.1211634437507,315.24954154784376,1279.5317638488257,1087.2325198971657,1310.040694549389,648.2918822231787,79.24370991083546,379.61889902001155,686.8774507292248,91.39663138531976,67.57270719709175,1059.212314831822,55.38955253006513,460.6111920783279,701.414209568184,409.79724791131065,224.45225364301015,469.88114322482977,778.8529821228701,936.3569948749337,360.0584686698745,1193.460779627842,741.9617912237867
sim 0_10_0_1000_10 - step_10000.csv,306.5416870453028,227.29662733450584,215.48616210332221,256.9259816748254,65.84220778182109,304.63270704484535,313.8355311395396,610.2086304862149,291.2995081455875,417.3417808840877,560.93831382762,541.4816013090668,345.5379067750704,286.46148669704667,1044.339577491212,312.5741713497483,795.6418648658159,301.6942844929889,0.0,278.408443593539,47.68365477775053,1141.983781725635,323.9165171159928,848.4716932003865,814.2524520844757,423.41112881407236,354.25849102575984,492.0328874110811,284.5519804191762,332.19106695809626,355.34225736332206,391.0287257339085,370.40172339312375,347.5609623696857,1102.0185854317563,283.4262942416292,386.29473210492574,744.141997303654,275.9376706960058,356.6411806271992,47.63893376309149,1017.4254735637486,334.44999212071366,293.52887800069243,1051.4514142976072,398.3643634979681,88.5388907323269,531.7038649763138,74.91825093633268,246.46245755892812,938.921150949594,865.2930790414185,492.20708609178763,894.9747611224144,277.2934819677127,534.2474514047443,428.21903452054397,476.4933511323088,945.2262681682328,940.1322874754176,1192.4836682679634,877.3464949466768,367.85789008291795,295.21114360610994,1035.2946982146152,34.423756210113666,457.0276507082802,788.7882211576341,555.3745472492556,446.059489645134,81.22724175225905,270.714159209009,104.68141637561088,773.6868969297589,940.2510147025192,277.9657352339409,1108.1164205712141,395.6249108368661,163.50340751900256,1125.8655018903578,941.2888301476913,1100.210536312114,355.44515314837037,360.5189220054597,434.76414258130274,410.140544761509,359.03606058840893,256.63520978651775,1161.4807687747739,269.8480890090069,288.6988835918127,408.5182906332939,245.96992508212546,180.99764841862722,304.61568060187034,484.814878623929,1031.2230010648102,434.8344280108842,1036.1377115671014,455.1657330127347
