,sim 0_10_10_1000000_10000 - step_10000.csv,sim 0_10_10_10_1000000 - step_10000.csv,sim 0_10_0_1000_100 - step_10000.csv,sim 0_10_10_1000000_1000 - step_10000.csv,sim 0_10_10_100000_0 - step_10000.csv,sim 0_10_10_10_10000 - step_10000.csv,sim 0_10_0_100000_10000 - step_10000.csv,sim 0_10_10_10_10 - step_10000.csv,sim 0_10_0_1000000_100 - step_10000.csv,sim 0_10_10_0_10 - step_10000.csv,sim 0_10_100_100_100 - step_10000.csv,sim 0_10_100_100_1000000 - step_10000.csv,sim 0_10_100_10_10 - step_10000.csv,sim 0_10_10_100000_100000 - step_10000.csv,sim 0_10_0_1000_1000000 - step_10000.csv,sim 0_10_0_10000_10000 - step_10000.csv,sim 0_10_100_10_10000 - step_10000.csv,sim 0_10_10_100000_10000 - step_10000.csv,sim 0_10_0_1000_10 - step_10000.csv,sim 0_10_10_1000000_1000000 - step_10000.csv,sim 0_10_0_10000_10 - step_10000.csv,sim 0_10_100_0_10000 - step_10000.csv,sim 0_10_0_100000_100000 - step_10000.csv,sim 0_10_10_10000_100000 - step_10000.csv,sim 0_10_10_100_100000 - step_10000.csv,sim 0_10_100_0_0 - step_10000.csv,sim 0_10_100_100_10 - step_10000.csv,sim 0_10_100_10_0 - step_10000.csv,sim 0_10_10_10_100000 - step_10000.csv,sim 0_10_10_0_0 - step_10000.csv,sim 0_10_0_1000000_10000 - step_10000.csv,sim 0_10_0_100000_0 - step_10000.csv,sim 0_10_10_100000_100 - step_10000.csv,sim 0_10_0_1000_0 - step_10000.csv,sim 0_10_100_0_1000 - step_10000.csv,sim 0_10_10_10_100 - step_10000.csv,sim 0_10_10_100_100 - step_10000.csv,sim 0_10_100_10_1000 - step_10000.csv,sim 0_10_10_10_1000 - step_10000.csv,sim 0_10_0_100000_1000 - step_10000.csv,sim 0_10_10_100_0 - step_10000.csv,sim 0_10_0_100_1000000 - step_10000.csv,sim 0_10_10_1000_100 - step_10000.csv,sim 0_10_0_1000000_1000 - step_10000.csv,sim 0_10_10_1000_10000 - step_10000.csv,sim 0_10_0_1000000_100000 - step_10000.csv,sim 0_10_0_1000000_10 - step_10000.csv,sim 0_10_100_100_10000 - step_10000.csv,sim 0_10_10_1000_0 - step_10000.csv,sim 0_10_0_10000_100 - step_10000.csv,sim 0_10_10_100000_1000000 - step_10000.csv,sim 0_10_100_10_1000000 - step_10000.csv,sim 0_10_10_1000000_10 - step_10000.csv,sim 0_10_10_1000_1000000 - step_10000.csv,sim 0_10_10_10000_10000 - step_10000.csv,sim 0_10_100_100_1000 - step_10000.csv,sim 0_10_10_10000_10 - step_10000.csv,sim 0_10_10_100_10 - step_10000.csv,sim 0_10_10_1000_100000 - step_10000.csv,sim 0_10_0_100_100000 - step_10000.csv,sim 0_10_0_10000_100000 - step_10000.csv,sim 0_10_10_100_1000 - step_10000.csv,sim 0_10_0_1000000_0 - step_10000.csv,sim 0_10_0_1000_1000 - step_10000.csv,sim 0_10_0_100000_1000000 - step_10000.csv,sim 0_10_0_100000_10 - step_10000.csv,sim 0_10_10_0_100 - step_10000.csv,sim 0_10_10_100_10000 - step_10000.csv,sim 0_10_100_100_100000 - step_10000.csv,sim 0_10_10_0_1000 - step_10000.csv,sim 0_10_10_1000000_0 - step_10000.csv,sim 0_10_10_100000_1000 - step_10000.csv,sim 0_10_10_10000_0 - step_10000.csv,sim 0_10_10_100_1000000 - step_10000.csv,sim 0_10_10_10000_1000000 - step_10000.csv,sim 0_10_10_1000_1000 - step_10000.csv,sim 0_10_0_10000_1000000 - step_10000.csv,sim 0_10_100_10_100 - step_10000.csv,sim 0_10_100_100_0 - step_10000.csv,sim 0_10_100_0_1000000 - step_10000.csv,sim 0_10_100_10_100000 - step_10000.csv,sim 0_10_100_0_100000 - step_10000.csv,sim 0_10_0_10000_0 - step_10000.csv,sim 0_10_10_1000000_100 - step_10000.csv,sim 0_10_10_1000_10 - step_10000.csv,sim 0_10_10_0_10000 - step_10000.csv,sim 0_10_10_10000_100 - step_10000.csv,sim 0_10_10_10000_1000 - step_10000.csv,sim 0_10_0_1000_10000 - step_10000.csv,sim 0_10_10_1000000_100000 - step_10000.csv,sim 0_10_0_1000000_1000000 - step_10000.csv,sim 0_10_10_0_1000000 - step_10000.csv,sim 0_10_0_100000_100 - step_10000.csv,sim 0_10_10_10_0 - step_10000.csv,sim 0_10_0_10000_1000 - step_10000.csv,sim 0_10_100_0_10 - step_10000.csv,sim 0_10_0_1000_100000 - step_10000.csv,sim 0_10_10_100000_10 - step_10000.csv,sim 0_10_100_0_100 - step_10000.csv,sim 0_10_10_0_100000 - step_10000.csv
sim 0_10_10_1000000_10000 - step_10000.csv,0.0,270.27127049318324,192.53320013832493,64.77956335111512,176.67704797541165,297.5121410323962,215.74918376697627,268.7439231805022,182.3552245933214,249.2186323644928,430.85947857501395,263.36093591076525,358.05949065464955,61.7007738501987,415.57396054092186,196.4090531183296,235.53699215022,65.74500323632459,131.98675588216696,103.71862930938019,156.98705068941157,240.73579690391423,201.57520163677822,184.30702498790586,167.545086958643,266.39221448216716,81.64141001682258,261.25899240798833,303.54490715663763,220.35813475002632,203.34442858621753,283.8761353694942,85.65922264589669,240.61550691891475,246.0507220966352,276.0931306594173,94.48758801734846,224.3002875218045,321.46322683913087,221.5126962116728,137.9524133494663,378.5657946229303,74.17784889886985,207.4587691841208,255.47746726925553,259.7381164799372,144.02449280907385,251.6265705820968,159.01970161365364,211.49122297889292,226.0926804962319,229.2119750641477,169.14671154306555,186.0764713714158,80.17745085710023,272.8910452614013,144.5588555720676,159.64549031654303,215.9653594351477,375.2422622475424,419.8809881006397,193.19225655958397,266.9292213133248,206.34120032143116,416.2235353743955,133.51461972860795,260.0660074208848,184.88430138330816,274.20144566329867,259.8454982658226,156.43228632443595,56.2487548207811,182.5948173118441,175.19593023132944,215.19682540792263,69.08824087891577,417.62227430933535,191.0058559204149,145.6570396843437,259.8168217050305,238.65009217714865,255.89320566765394,231.6996604960019,73.0912888197925,147.01640978821428,250.63317714114024,68.63225186297315,54.84818362669287,403.5396160296925,58.32910854424232,221.2207946737462,277.63238896066247,194.59442736474088,152.59841249315554,213.5691624656505,277.8081523599593,399.1580335380326,142.50283119295995,317.7322678803165,261.4178205118197
sim 0_10_10_10_1000000 - step_10000.csv,270.27127049318324,0.0,390.7665819074807,274.72750453117783,369.85361432917034,57.93121471145382,417.13717117744426,249.21057571994848,375.94843182547555,416.2655091398996,650.253237152116,496.85501930864234,116.26357380727015,285.38574832356346,606.1545400240464,394.34341331540173,469.885184675933,270.91396567504205,334.82648441175206,350.0484109330327,356.4111854000512,461.960362102336,400.88687741144,336.07705255018715,316.6969646044484,439.6701326680385,286.94068741593844,432.21021357761185,63.166725919967305,384.71996936621866,411.21816893735553,471.2531995262022,229.2953660252983,425.7466576958421,466.99303650158464,49.679547060696954,246.59977948756352,461.79797007081396,84.74242085635755,419.70440481346543,323.7414683851041,569.6472565869047,263.8785489838427,401.73805105135256,402.22410871833216,452.316030265973,336.8466520027169,485.53799086033285,365.09011806334024,405.3809325680892,392.7652595828149,466.4775214826901,217.31478281880683,336.900691726609,311.6588458057862,505.99375748749225,214.5732818373623,195.8120885357344,375.57312751512666,564.718905033967,612.3490330350339,344.9590412194217,453.81214114190595,404.8409582797777,605.8786011357327,331.6703840195257,438.92455533765457,342.3630228931131,504.3098312541391,434.139376681192,364.43142856802183,264.47666149894576,377.6423331228492,320.9466596323523,387.03890938441884,286.51661263777487,608.9551502429912,375.2119950739434,332.8620285032812,478.46074784579963,471.06610950752514,476.75652718571234,421.5613117578831,234.48157658490976,215.88275017927512,422.3846384680691,255.876605640133,270.1400799323774,592.3077656049898,267.6607925381401,421.83175619001906,447.8747126042492,396.37063074461656,244.3716751919813,412.97435813013556,451.66882041730065,589.2658459150257,208.92608315685175,505.833359345632,432.32086030544343
sim 0_10_0_1000_100 - step_10000.csv,192.53320013832493,390.7665819074807,0.0,181.61995905084274,89.87062533241688,413.5261811211515,65.92743981887531,392.752489720928,66.2344719649983,98.52111122307242,458.9307768645878,274.26895123788887,471.6536345350047,202.01415322808654,271.4883798570952,77.8842269460797,216.10273094799172,191.67450951793165,103.54002911567801,185.8616447588503,105.38528116522603,233.74031939483845,69.08496752240889,138.7731647422136,133.73902358389097,107.92269376886317,187.56651984806334,137.73548440847108,417.5585744370893,103.59874764419986,72.01334265306558,113.5749658969618,225.94793983256633,80.12647576519453,258.035519170069,386.4349271274125,236.9972965305439,221.1263555659486,425.33258958318544,70.10642266399124,99.47732587880262,236.78030806493913,190.1248888805328,59.42211030144759,187.52341114138497,89.95279360613141,118.79070283096276,272.43234143523244,80.35526868288446,64.46758840271836,158.8879998158973,255.2009537485049,308.8541650438866,138.50015479352507,198.0012924479307,288.66538743544646,270.911056913526,284.9283411784173,152.14789679459443,232.56027524167322,299.56620953831873,139.7228078494976,96.5215882106754,66.50977686883094,272.9519522349624,107.05924419333496,101.45227194499303,141.07935611454081,291.55913311349286,100.71505714653073,83.8961145021062,184.16174516108023,75.15962658241007,149.80827416698432,149.02267764381213,208.7574642046534,278.147866454243,70.2721988685864,89.12967341383909,262.59982800438655,248.93935874054696,251.50820590712235,75.07430458165413,221.6707099206431,273.60736335266733,98.38754784203559,212.025561112691,199.44115199360093,293.4478600945359,187.80086310237172,68.71297973196734,121.10887236059638,65.75312972447888,182.1791420252539,60.15034259280581,112.57193352455272,255.07087623830623,282.4922288864592,219.34521199780914,109.22426855354043
sim 0_10_10_1000000_1000 - step_10000.csv,64.77956335111512,274.72750453117783,181.61995905084274,0.0,169.31203906357797,299.08421742580964,206.12637852914997,279.485868518531,173.2933541816481,237.15315062393026,443.66765793706355,275.05367558685305,359.56346697742214,74.24195660186518,415.4607543970177,183.70873265596381,235.79118111077432,62.33822543649465,129.93886253929898,112.23973623547101,157.82329964269908,245.87193613460698,190.6398664307996,195.00415125715736,171.50198420499407,255.38482635048933,91.23914582905095,254.6272153673878,305.73848997320187,207.7004788266781,189.6890639349923,276.1914463813166,87.17254605492293,232.24627881236017,247.04442033478998,276.46730857025807,96.53659974179307,225.70119691271083,318.7536383033693,210.0997649919868,132.59344297703092,378.4789674021277,81.97476828306068,197.14488287545697,264.7549107275821,250.76400565913107,146.09822408577563,266.78004597168183,152.27982075577737,200.568189166112,234.9945618114621,236.69333590336558,184.19158964775363,195.5348850178,89.37644210801986,284.62911681191275,152.81964230436654,165.44403404802856,227.18825263673295,368.89716532645974,423.81349238950446,202.80395507121477,257.80287915805,195.39904745491546,414.5403159774414,134.51421148112314,250.49606250361663,193.96075695471373,285.58799613905853,249.1066962864638,153.4978119807477,61.730507913031154,171.9649428673965,186.49031531301856,226.84838515603357,69.36881157118249,418.2699989963484,181.06690427761671,134.45982470261373,268.3586172319932,237.88912814674921,252.3584563131534,223.2098530939831,79.52047745346003,156.98777783108918,240.43236667457404,79.8417973450677,63.416829805596116,405.69348105393385,62.016980589864495,208.73310623955126,267.31122479293737,184.72559490280392,146.6482524453879,204.06124173187476,266.7749530940373,398.4561952191889,159.28372484907865,322.1701922184249,251.7357419307564
sim 0_10_10_100000_0 - step_10000.csv,176.67704797541165,369.85361432917034,89.87062533241688,169.31203906357797,0.0,392.0899040632033,102.17987507174854,350.4407610035554,101.4772287787955,137.54322539824918,460.29136957176024,287.05098314626616,448.2446614899268,182.2432647084142,292.99808484645285,109.76517428069917,203.0500809041757,170.25845180886486,72.66899020785698,184.69047441032288,65.38427248959678,228.909375235513,111.22728263934606,174.0652979191313,161.17216800288185,148.32885326666576,157.28411098911104,180.75637639331327,400.54958955813,129.46254964824294,102.1380068105006,134.01160954836712,201.74326744232252,101.32188053466034,246.093892361969,371.7322002367095,210.49874216342414,211.59017450852676,404.8183069840714,105.96272897580701,80.05372106643554,272.68706557151546,173.75958493333104,95.65663101013547,228.15474168422966,128.89399674456538,81.17205643302673,280.7182250908231,72.70718167702688,94.3186629453643,201.3464698025388,242.05158763444953,272.6750319317056,173.65791189950596,194.07462033267382,293.575790121601,236.92714320803168,252.0275655070254,191.70631723451308,268.9353604648093,324.41465762764074,180.44296135708325,124.66082827484153,103.28629716533833,302.13034031421967,82.47900630350142,137.07183862048024,178.6841973037186,300.1414950935141,138.03845104981966,68.80993496940964,173.95467812198845,69.22083688822472,181.03280409996148,191.7635547227847,194.7639106574592,300.31884701133475,110.39608017779975,99.13142739139793,248.27062900976347,235.62897138802475,240.681957273788,98.5486753999019,199.91957313805958,242.39677038175935,135.6038159086878,187.94660138543586,181.47536063809252,316.66619865574256,175.7312443018677,116.89044100603695,158.895835466561,101.61706928927201,151.06082538470213,100.23353647279856,149.30322197242813,280.4104588094977,248.6944790989369,217.9851674904979,143.84137693620198
sim 0_10_10_10_10000 - step_10000.csv,297.5121410323962,57.93121471145382,413.5261811211515,299.08421742580964,392.0899040632033,0.0,440.0024002118576,258.24173401957336,401.8025448544507,434.95240854617913,682.8556274092987,529.2046168120332,84.29200472711533,314.4229715745256,631.2565733507648,419.24657510597683,491.2558293143399,296.5783190434424,359.0668640374368,376.73202870007674,379.1560425506494,482.3605533600676,426.44128638113204,371.36829204493796,349.34908732015504,459.749847770712,314.4249619474968,461.74951124758957,47.351835035546,400.73936465518324,435.36462435017285,492.36114285455426,260.33791520480895,447.9504507138624,486.16291771658894,59.532671905333515,270.28648519600097,483.47281230560606,55.176830000042116,443.5219576545703,346.1694279288562,596.8512544507096,294.2431485053613,423.6746673472065,436.2294454128787,475.3323248763818,360.15580761653433,517.8294603699131,389.53078800769424,428.88900375598973,426.49562623586155,487.8805098136563,237.33915893338116,372.9518282688232,341.62946127638304,535.6948532132322,236.73403277370593,216.64336436327022,410.6573236269291,590.3856849730485,638.2112534828207,381.1947356123404,475.265412709746,430.02512774612893,630.3485298851157,355.47941864769865,460.60464934287023,377.4646277209671,536.1756079258115,458.4674930819847,387.279705894191,289.90799139746537,401.5148745297367,356.4742029693953,420.84114373684906,312.518087511187,633.4983135193153,399.56772294721804,355.6567463800636,499.80968651861815,489.8186664056959,494.5820118864062,444.9458806780022,265.55758676493747,237.68357862543468,441.53452544930934,281.2360189547934,300.0113482285591,616.7998255696832,294.91103194433805,442.50028132834336,467.051373405206,424.0127931969242,264.44299792890223,436.6346819315565,472.821453236033,613.6411278950507,231.58093395931868,527.8392180541216,453.4424370868011
sim 0_10_0_100000_10000 - step_10000.csv,215.74918376697627,417.13717117744426,65.92743981887531,206.12637852914997,102.17987507174854,440.0024002118576,0.0,416.02327989870656,80.12015293791707,103.74872661747573,449.2763142100135,258.80693642365344,497.30180860793934,222.95428135516443,255.35561166660895,77.33141587882207,210.82938370043283,212.9637773894052,124.42722854185453,203.33284504602756,115.83834727103115,226.70194761179138,70.04731729531785,155.77174757662632,155.3614828743193,106.12070092044218,208.975435844912,137.0798792426542,444.29546814011076,115.07351924068521,70.01007479153547,97.4043585746775,249.72865686651042,79.68657053886308,252.2558061890427,412.923712897451,258.91048543861496,211.67535321596577,451.63389745197446,62.601428917119705,120.58684719409185,226.35573702755843,214.1602122728597,62.76131849609943,188.3663006350156,75.01757431544979,136.1356214666845,258.67113228141915,96.59695299803047,68.90802886662897,163.27632355334697,249.81826704288798,332.7507944225565,155.00581293235487,216.71622796720342,274.0461586912531,297.7782960112233,311.387780995717,156.9700282665268,222.3951883725702,287.8186438601896,155.36388404919236,85.90964653941342,63.64848029913674,261.0715515437592,125.99758014698385,96.83362917998365,156.6301064767939,277.9049047487171,97.91379262940761,97.27457612028677,206.20439361365035,83.51057612176653,169.52431129790995,148.58145846917134,228.81466826491837,263.3621373996213,82.2162428033017,108.56088425336849,258.7797735768355,246.5204417517549,243.98380491672265,74.92040176176862,246.71084925240382,300.34607264707125,105.36684043449941,233.8107298987486,222.18675779330698,281.23724720108737,211.17255675129826,62.30736467998543,118.98535434020272,72.28275988830137,206.62022083492428,59.10253234673753,107.24269453924069,240.04053045901574,307.21341556781624,213.09727316099358,111.56544439841227
sim 0_10_10_10_10 - step_10000.csv,268.7439231805022,249.21057571994848,392.752489720928,279.485868518531,350.4407610035554,258.24173401957336,416.02327989870656,0.0,391.24348303876366,441.0696997726898,584.8533124134057,452.49690090436326,278.1626722791349,273.33601805342005,552.4466552602186,403.0909425254628,403.8324071197915,264.96179124524235,320.04638512032466,336.3165651036731,324.7660476694134,376.3892472460771,406.4245370353239,358.808563986447,361.51524304587286,462.94925898470933,259.59808180331294,462.1221876016372,265.21108410519525,415.16790985591706,401.82684269382145,457.2624211313134,229.7874423921075,419.9899307711942,367.0792959429569,265.5489707860917,241.15374886513484,396.305178286801,275.36551677820813,416.58110079042694,322.0714735062666,538.4864759851524,264.51420861480375,408.9250082163153,434.14460281358333,451.71224396515606,300.1971791410528,439.6236451236157,349.18052355105124,412.1420016895827,412.39869750635506,385.5123096490108,116.67128455428993,371.1240560325682,311.48019433192167,452.4559886296803,157.86205531478308,144.8737260095615,400.532806015404,535.9852965029614,555.4462759550681,377.8089813372426,449.43898859916186,412.9190825734784,554.0574643012544,310.46204075771686,452.4981079031889,368.0371353882144,448.6341468911716,454.7429399964372,345.5112018582561,270.75360914486777,366.3478468441875,349.35507701747446,405.7319737264247,283.3412066467879,551.7249564206418,389.2344473176965,344.62513424557596,382.4579738011724,391.44750970130787,381.31832997657654,415.97645847968164,242.54142259560444,152.21853298069408,446.5056327848672,244.89109381592596,264.28299971466123,531.4460872900669,276.0043904858837,421.3696198422447,472.0764487488463,400.99927523437816,238.27760263197322,412.46174914153744,468.9962299323985,534.8046313658998,143.65368681828318,435.23723983608943,455.5378503929919
sim 0_10_0_1000000_100 - step_10000.csv,182.3552245933214,375.94843182547555,66.2344719649983,173.2933541816481,101.4772287787955,401.8025448544507,80.12015293791707,391.24348303876366,0.0,96.04456504102392,469.751955674157,283.75153181933814,462.86209251606385,193.89403421970889,278.8815137824597,93.62712460670431,227.58188509109144,183.76702431896678,110.46000361373376,186.13110377990816,113.1802446126064,240.30013126721943,79.53787066448622,118.98808294674592,112.67696551683454,108.67653474157801,183.7506357414685,122.13116391960916,405.2730738133985,92.55464482564454,84.75338024200897,126.82667274692733,218.81982091477855,92.07738378869865,264.43068405940704,371.99462160784674,229.92927219665748,226.8110264811886,415.1567657711552,80.6021223112653,101.62605117857153,236.90953555964364,179.10977299226118,72.48013372449243,171.60195405763372,102.07194584860869,122.71306159376024,284.55552758680307,87.82923172753947,63.9668080373588,142.91535629506149,263.86473835960277,306.1738118640961,126.35870745003268,186.4612798648952,300.9283007554303,267.2037266738967,279.89273733827315,136.49540627177066,231.230348292158,299.1683512699732,121.69326939912132,108.9209156980989,78.28117788509617,277.0529958632015,110.1268631499934,102.05287053760324,122.00920865972977,302.802127483171,101.68928845062088,95.37787863010945,176.88938738303696,86.94913318427022,123.87124253935725,133.87287877021166,197.9015457601243,282.635835777749,66.69091199166657,87.68409948486955,273.5143662785837,255.34836201048932,258.1210894480516,87.17352958126467,210.49977971833502,269.42274347706564,98.33734547805823,204.0339268576604,191.13100635125662,294.35099008646506,176.12898125743465,87.10641166904368,122.49598530580133,64.59877567621484,178.91685180131233,71.29300736139487,117.6691264944464,260.9738295363493,277.40529008525937,222.609368908749,112.2450017252776
sim 0_10_10_0_10 - step_10000.csv,249.2186323644928,416.2655091398996,98.52111122307242,237.15315062393026,137.54322539824918,434.95240854617913,103.74872661747573,441.0696997726898,96.04456504102392,0.0,524.6120653232621,329.12483625261495,494.38574802612334,265.3988681785059,269.94773969763605,118.4997345530709,283.91570979283006,251.97356834417798,154.29706749318615,245.43585677683043,149.98163076128668,299.80436966173085,108.44858532381254,129.75373628728389,127.4847009554865,53.75645844059537,254.8754292841486,108.4120457005902,439.29284095162944,61.56194034865555,124.78865279218056,110.99514990557162,283.628119150237,91.97199271959074,325.2416407915013,406.3120384421744,299.7356116297648,288.2599369343007,445.84376894905387,111.46649781280266,144.8313763684973,230.40755189446583,248.30416304180463,88.32174254290831,159.3936263793301,95.3242358974137,169.0916758076453,332.07506076851706,131.90894125355547,85.23204108913144,138.45876190269686,326.76468278000976,365.21123082401124,141.7730631979636,255.73113041114556,348.3373087702418,329.2636163461634,337.73889050447013,137.8213534347455,230.41314750396197,302.97300703998656,132.44959603180308,95.34077815623036,101.42632942382885,272.5023122593917,155.16932087566582,60.09679061954351,136.43111019131663,347.7288505713018,59.35378038839491,142.3238893575327,239.62124895690664,122.98516887364075,152.0155699958214,141.81223714938582,264.22929543005563,278.53905720889713,91.4164913557697,131.90029743016342,332.8697876642063,318.09408687982085,315.9432536933489,96.24711232279526,277.8805386573561,328.59943326527554,51.49330599333974,272.98843107467576,256.6397605250967,297.05301816875146,241.2527162890437,105.80544034122539,58.14043649579561,102.55856211917471,222.5996125147532,94.2154903260343,58.09566237021771,253.52327012862338,339.058006586521,252.39780872505463,55.810471505390225
sim 0_10_100_100_100 - step_10000.csv,430.85947857501395,650.253237152116,458.9307768645878,443.66765793706355,460.29136957176024,682.8556274092987,449.2763142100135,584.8533124134057,469.751955674157,524.6120653232621,0.0,260.54819886356273,737.9183426701672,404.42557253802227,540.7456901185677,447.93020531489935,425.04747983941866,422.51841801797843,453.39868525585763,360.4137794120852,455.69879379985275,424.5337502124343,449.0091699821366,447.74569373188683,482.4360122693847,525.6929345819012,417.923784417359,502.775443937213,688.6647277604782,539.5779096814499,431.1768873831771,479.9450768455474,452.26083897245394,475.72990147627405,437.4725048477156,658.1850307517406,446.2565301225282,401.66504709478204,707.0181895532751,447.902283651098,475.62244000445895,513.339593907787,435.0748875230589,468.6586079612875,472.4381018075342,474.67531042974,452.87357956722036,246.48983524763062,451.4420902908075,466.5455773233592,458.95357193598755,420.88343976551266,503.3656915021903,450.04663671172074,387.25851866687236,245.26889311355762,506.5640102193943,526.0402456903299,448.4697942016859,512.1737327086466,537.8819975026754,456.6341968814716,480.6600923499439,463.41491183786263,541.2336090664836,455.38751370090665,511.93879997845306,452.11383531102075,242.23651173744824,510.95773217268095,445.06247769267054,437.21467971292014,450.0790234166223,456.7671248921942,442.7888732432834,412.422531975165,534.6748076638796,468.5080228559421,479.1095012802415,436.2609286916697,427.18574290120887,458.5491988950412,464.18081956234727,452.4469702400896,504.483964964742,523.7863849321901,433.846911076388,416.8326279771823,522.8739435170332,429.9491697478649,457.24335504104675,540.5226184052291,453.68467115795636,535.8253406436897,456.40962669822784,525.1791554556371,526.7066044215491,497.4617301048991,473.87854687572064,532.9364363761412
sim 0_10_100_100_1000000 - step_10000.csv,263.36093591076525,496.85501930864234,274.26895123788887,275.05367558685305,287.05098314626616,529.2046168120332,258.80693642365344,452.49690090436326,283.75153181933814,329.12483625261495,260.54819886356273,0.0,587.9852155464818,239.78916620086403,344.9619516201745,246.74368654248258,250.16249078810833,256.6361994392781,276.1261988814207,188.86124804438953,285.2642296458031,252.54066556388665,249.8392756484442,253.81288040864476,293.6436485898569,326.6179167529904,251.31971944338855,291.26000594492825,535.0311165206177,351.6731104903306,238.83017986756303,270.2046831663799,285.94416683857565,280.0743021990888,266.4121451179489,503.972257806015,281.25166446592704,224.20074979771852,552.6074088012665,251.96948067389667,297.2203338053768,301.95876760543354,263.03646375458686,279.98904996829475,268.30161987335066,263.42466388159323,280.64975120575235,67.71068204963291,272.3484901301326,280.9132548601092,255.15701845451957,247.9929753774886,366.03771208242415,255.8250522645225,219.61447475399814,69.03791977806493,348.855952309473,368.67149371230624,248.96505359333017,301.3836738992415,342.84591835913517,261.17356708823553,275.2936420272593,269.3400307382453,341.13114451649903,280.3108452615111,312.95575348252896,259.7159454605226,64.30583475611735,309.03167221045277,268.1145877560806,268.2912303899207,267.3123775211627,272.7875543586106,239.37066824448846,247.47437425982804,339.418905229366,276.6562863744867,297.60642011110406,266.4661645012614,255.91361919679704,283.8792632253469,269.55390378562663,284.0458498403199,352.23799417556796,330.66578090289653,266.4299770318439,252.83450811874764,329.5768499123531,258.5316889475319,262.56137593395846,343.6867432387491,267.84828729644227,369.1532849464625,267.8751416661375,324.43975123555157,328.0073596378584,348.61743560148534,301.3358390750701,333.62309691447575
sim 0_10_100_10_10 - step_10000.csv,358.05949065464955,116.26357380727015,471.6536345350047,359.56346697742214,448.2446614899268,84.29200472711533,497.30180860793934,278.1626722791349,462.86209251606385,494.38574802612334,737.9183426701672,587.9852155464818,0.0,375.12573900801306,691.2060358050351,478.9498705532389,545.3813968744616,357.94117203089684,417.3857629006501,436.23602386089226,432.47639556081253,533.5843121176297,486.7818866099359,440.5422580611929,416.1992171605221,519.9024582401005,370.8949387914034,525.7923004342728,76.72937585610534,459.78923205161107,494.54186261993203,549.8799150663143,320.94792342727976,507.6488352383416,533.3987657239985,117.7184288539708,327.15534880799953,536.197007191571,66.4978744753962,502.2781428069222,403.40674282987175,660.3037809834199,358.19646505245345,482.03628830423054,506.54667212305645,534.109785510343,416.03582421304725,577.1399181890337,448.6971340812218,487.70573650130444,496.718767487526,539.9764114703047,283.584797660626,441.9385066482301,402.93307776315527,592.8384160844763,288.7755679454616,265.9418165793729,480.64721765720236,651.4050961816567,699.5785639473938,450.72832816521003,533.413506516031,489.5902759142725,690.1690048839642,411.2084946676549,520.4444954963394,446.07403545658593,594.5314545416143,519.3559931376724,444.3795531531312,350.0592228920076,460.06342276381093,426.38881596276354,488.99917720388106,372.51380829137986,694.3247979726949,461.26829455696503,415.3140795862867,547.9021523117299,540.4493329029887,539.933827984737,505.34706359986916,328.23428866035135,292.42147185397977,501.4966857180208,341.3673849779178,359.0541765306232,676.8674199866389,357.9487334301551,498.3984935344849,526.475169374954,486.26231357007873,317.62622864015447,495.3627492248334,532.7255716596748,674.2688530295316,283.3896650224384,585.5801507642844,512.5853506645019
sim 0_10_10_100000_100000 - step_10000.csv,61.7007738501987,285.38574832356346,202.01415322808654,74.24195660186518,182.2432647084142,314.4229715745256,222.95428135516443,273.33601805342005,193.89403421970889,265.3988681785059,404.42557253802227,239.78916620086403,375.12573900801306,0.0,420.12782084120744,204.92931281997758,224.82397430203193,66.06893704168594,143.74239391406059,98.51608578846978,165.13392909444852,232.8045386668439,211.29622813720383,184.88759254760328,181.88972694312613,281.4621557572504,81.08560680776218,276.0832261335865,322.0870014794329,237.91476798304814,205.53529442040926,291.78858542696275,90.26035962299679,248.6448374102485,235.0362709949952,293.4626334668863,88.25789962264638,214.2532519698393,339.1532652861943,228.69123163284564,151.48323592213654,385.2995481045142,75.58162121924165,217.84353796648819,258.335225010958,268.1757399778885,154.10978008214724,229.21517013125225,168.51102843776766,220.82974729119448,231.1701609344274,219.20411146844685,173.49699293635825,190.0573986740412,75.26768784677111,251.22173080109982,155.71151148990953,170.84369330550174,218.0660510224648,381.3685914970926,423.95903813234924,197.71541740883103,276.9731391471757,215.64975639794866,420.41361190834397,145.80685509857264,275.0091875439227,186.06439896313128,249.31212517150115,274.1906596181973,163.62585360535468,67.32247730679445,188.17472042155066,177.20377971388004,220.40622643419067,64.64676417121126,422.07925821463107,205.14511277191482,158.3313021138577,247.21551208086424,231.5013879064659,248.74097129218805,239.9729366725908,80.49418337159113,156.71227641658427,265.63433359436,68.39195103996613,61.101612750777306,407.5089068255168,64.72982903276133,228.25611399614485,292.7839081514227,201.31460641291721,168.04148956013472,223.29082723195532,292.0795516124071,403.24673721227674,153.38510343093503,317.2805701551676,279.2078299574102
sim 0_10_0_1000_1000000 - step_10000.csv,415.57396054092186,606.1545400240464,271.4883798570952,415.4607543970177,292.99808484645285,631.2565733507648,255.35561166660895,552.4466552602186,278.8815137824597,269.94773969763605,540.7456901185677,344.9619516201745,691.2060358050351,420.12782084120744,0.0,275.1883398011753,276.55599444797883,416.09044611853113,316.44263663697666,403.45484388213805,303.5548634220153,284.222059922455,268.2576965921088,320.49937436464637,323.6369103298077,258.9797792043947,392.0287284004739,240.7867041690072,638.1354972998218,303.4807844917624,262.6493668398784,214.35951998670453,448.08271979961256,241.96897744826882,310.5275447791845,608.1974910368688,450.8495266025942,301.24507784916926,646.6512178827062,247.386627093738,322.72253524351095,111.65197961923221,410.72590791273274,269.2846276651598,286.03661354405057,231.2647026953951,314.1274445759075,370.40015512972724,290.60599411138645,263.6256351306885,278.70434178264446,321.1144312812715,497.7000082679004,327.9564781958419,418.4819754520166,354.12752557977393,471.5764274250388,486.0710364713614,287.92420342195516,108.58906718616869,83.41596285733544,319.83090148214416,230.28106975498906,271.50665408641714,89.29646233351666,315.6744242191544,248.18275599034953,323.6598559790001,365.153676671593,241.71517778750862,292.1010769489224,414.5126200173348,279.04015518568247,343.38557855863826,280.2818503661006,436.83330646955886,78.19544497315997,270.55977573398235,320.2088605784998,304.29544634488303,332.41152277922083,313.19504184299984,236.48974887362613,445.1039637760653,472.94383036864326,270.9193492110112,428.04668941265277,422.66424264400155,70.07150910773558,418.2416178206404,262.99160560187124,274.86239476305093,267.8062734638508,398.89116340501056,252.65047824095657,257.6159801642366,63.12733497946282,476.68086940066917,194.4260190089663,266.99791407364114
sim 0_10_0_10000_10000 - step_10000.csv,196.4090531183296,394.34341331540173,77.8842269460797,183.70873265596381,109.76517428069917,419.24657510597683,77.33141587882207,403.0909425254628,93.62712460670431,118.4997345530709,447.93020531489935,246.74368654248258,478.9498705532389,204.92931281997758,275.1883398011753,0.0,212.17334996060936,195.422909447485,119.71766237710297,186.9114979506147,127.62988900018877,229.5765571390661,62.356422500297604,152.15624601212886,152.37418069272326,121.24977534068181,192.61251428326605,140.26288400149917,422.53014502592816,126.74069332319681,75.85979815977807,129.99969829010467,229.3771511955046,99.65172615559368,251.92426161630615,389.3217759401688,241.17394570983714,212.15525986884816,432.51728804014647,78.34646027461163,118.55483324926512,231.36252177559768,192.844619240962,72.14632378654927,183.83279343047568,95.4169287812654,133.2099581184718,246.34170177037282,103.3487411878649,86.42087597375821,162.7497415696265,245.28579701072857,320.08122988059927,144.94551459972536,197.14189548462002,263.6479178249895,281.2803436844973,294.715880844665,154.28325575373282,228.3411164545534,295.1497756867052,151.58367277916358,109.61761348460408,67.42228032091192,272.79534883977936,125.15438218946544,116.11575898549901,152.0510329446674,263.4665915273171,111.46096446906512,102.74057931857857,187.75578691359522,90.84412497479434,168.263970970565,150.08611095598337,207.91533443039302,278.6691636052814,84.67726312688505,99.20987961187322,258.53014092794615,245.68564691530366,247.81189833564963,94.56245273482944,224.89063190681426,284.237654786338,121.85655587089533,215.84000977686924,200.88207546702338,290.8919769481994,190.1081460612255,77.84735453092534,134.33018848243162,87.93734823103208,197.63259681998315,83.92180991658549,118.38639397089895,257.16752676789605,291.9329706425302,230.53836405101507,130.09042546914173
sim 0_10_100_10_10000 - step_10000.csv,235.53699215022,469.885184675933,216.10273094799172,235.79118111077432,203.0500809041757,491.2558293143399,210.82938370043283,403.8324071197915,227.58188509109144,283.91570979283006,425.04747983941866,250.16249078810833,545.3813968744616,224.82397430203193,276.55599444797883,212.17334996060936,0.0,231.6866352418968,203.01008008416014,214.31915970976823,205.50277954044606,116.66769775858324,217.47168839301617,297.2282651804612,299.23579492742795,289.7321766990086,224.1720988172706,300.54455230446354,500.8099531089348,287.06120230124236,186.49119932979855,241.52498944313746,277.03674865721314,221.59403010207888,123.56210565461667,476.5550034246472,250.47457013654977,93.93510465086537,507.9081224746671,210.84118711073887,228.0664074519889,295.60122646537184,246.4645745284406,225.41477000737729,337.88404151979245,240.82755335163344,208.40951886567115,253.89105491669739,207.8410700244919,227.98723425129035,311.8253930676738,104.17116526854682,333.8473598916625,296.9002437459998,226.16535726152682,254.10309024467173,321.7227965847258,339.5141450033819,301.11651422081053,297.229857766291,302.08975566646507,301.16256525190147,242.59305045490078,222.39099002060692,302.41522523468797,216.40376584819592,276.0834315410149,300.45344127823057,259.3245297384024,277.44673535016244,202.80716988945287,242.72996530143442,211.58168025001774,304.57078392414553,293.5877423244307,239.2925851574995,286.0491377944099,233.0624813903551,228.14501520098636,128.05189298261473,122.6615738208417,125.36711616698113,226.69680119647518,271.24256924320747,323.19871418689155,282.74492569696775,245.77826126357255,238.64175930561666,286.18863423209814,237.76832322120276,222.29657643952973,303.8909003129848,218.5860120034196,277.26497998396695,217.94548164811118,288.76077533135776,267.90209385577793,320.21577481779127,150.8019816317214,295.9732731214349
sim 0_10_10_100000_10000 - step_10000.csv,65.74500323632459,270.91396567504205,191.67450951793165,62.33822543649465,170.25845180886486,296.5783190434424,212.9637773894052,264.96179124524235,183.76702431896678,251.97356834417798,422.51841801797843,256.6361994392781,357.94117203089684,66.06893704168594,416.09044611853113,195.422909447485,231.6866352418968,0.0,132.70345575891773,107.70468394987275,156.9580155947835,241.62070789845728,200.73040686510504,185.18060744169603,171.04466334213788,269.2958750799297,84.23178091269554,267.45657653215886,306.5949835322513,224.80282097375206,195.30980759067359,282.8395230122028,81.52571617699383,239.06431813735273,243.89491871070678,276.6812363838396,89.86414435010451,224.3138081909866,320.359946938828,217.73532524310056,136.4406978775305,380.8170286372804,71.91859428126833,207.92855400049035,254.14747091806242,259.11213823862334,142.92096989158105,247.7223016721791,157.16031083693068,208.84161878670344,231.09152195470455,232.5825336748201,169.82020785033026,185.32965808949493,81.51321935825409,263.3764241931689,139.02171484066628,154.14327639446682,218.54844604789596,374.84208800475955,422.6186560825994,196.0246098845892,266.4260601379069,205.49946741145314,416.2030037706409,134.5458639418288,263.176393304476,186.97870452258812,265.6623548918179,261.9976360433412,153.86725664011792,64.50459971921035,175.98865570550404,176.01389206919632,218.3028432111927,71.05541126725291,418.70112001292273,193.37859991823524,148.11587103462543,258.91535096989026,236.76881700055384,255.7665385202056,229.50279076379374,76.79859563968108,143.9125389158524,254.6931350015326,66.0385957599469,61.41742349276835,403.6489447501541,60.951725447724,216.4287115023173,279.91903097865077,192.75283119295992,145.7620272651756,212.4871382095038,279.95482999024784,399.36891986182525,144.12141414370996,316.4467409866144,267.4619196097533
sim 0_10_0_1000_10 - step_10000.csv,131.98675588216696,334.82648441175206,103.54002911567801,129.93886253929898,72.66899020785698,359.0668640374368,124.42722854185453,320.04638512032466,110.46000361373376,154.29706749318615,453.39868525585763,276.1261988814207,417.3857629006501,143.74239391406059,316.44263663697666,119.71766237710297,203.01008008416014,132.70345575891773,0.0,149.3100326538623,60.65553837218968,226.28578599408826,124.12834115805937,164.91826939644776,150.74956224620217,171.42384314701718,125.09108155992763,191.90153134755306,366.15361770081023,140.046600090054,113.97087840553309,170.7660776114421,161.81337718875278,131.83484883522786,244.30428869256548,337.9189115150119,175.37052594238418,207.70480903481848,375.13825218507577,128.91082755357272,64.61997461184284,286.41360013110153,134.93393426346591,115.68099890999163,229.66943377437275,159.3791745618272,65.65299939349568,269.01934294337167,69.30566368449036,119.23105219251269,200.17578559768236,238.2400235946993,237.23083106970122,168.42330695947302,155.35296681211173,284.635570457109,203.31233987272174,214.16106920865283,192.62367844128298,283.44905013817885,335.7978650719486,174.654259270137,157.19532327317665,119.67197151185948,321.8700570899467,58.108502534198024,160.16229950104986,165.66699710978838,290.6767259309141,163.81997398068694,70.96576164525595,131.75371126182444,85.19824693398276,166.36725697516616,192.05960066047732,153.0683211703834,317.3971589713638,116.49853571246399,88.48330978355179,245.826512869716,232.69570113830693,244.0797309701834,126.10224402875842,157.84695501163392,203.6628458380256,157.86558993415684,148.52168333372114,138.81565905153738,329.0041327808825,131.89451248973577,136.25642829633762,181.52254613970908,112.81317983769084,125.16828424731287,118.01494029667691,175.0773894006087,302.3189144637372,210.58353813008006,229.3365224043208,166.59640076693796
