,sim 0_10_10_1000000_10000 - step_10000.csv,sim 0_10_10_10_1000000 - step_10000.csv,sim 0_10_0_1000_100 - step_10000.csv,sim 0_10_10_1000000_1000 - step_10000.csv,sim 0_10_10_100000_0 - step_10000.csv,sim 0_10_10_10_10000 - step_10000.csv,sim 0_10_0_100000_10000 - step_10000.csv,sim 0_10_10_10_10 - step_10000.csv,sim 0_10_0_1000000_100 - step_10000.csv,sim 0_10_10_0_10 - step_10000.csv,sim 0_10_100_100_100 - step_10000.csv,sim 0_10_100_100_1000000 - step_10000.csv,sim 0_10_100_10_10 - step_10000.csv,sim 0_10_10_100000_100000 - step_10000.csv,sim 0_10_0_1000_1000000 - step_10000.csv,sim 0_10_0_10000_10000 - step_10000.csv,sim 0_10_100_10_10000 - step_10000.csv,sim 0_10_10_100000_10000 - step_10000.csv,sim 0_10_0_1000_10 - step_10000.csv,sim 0_10_10_1000000_1000000 - step_10000.csv,sim 0_10_0_10000_10 - step_10000.csv,sim 0_10_100_0_10000 - step_10000.csv,sim 0_10_0_100000_100000 - step_10000.csv,sim 0_10_10_10000_100000 - step_10000.csv,sim 0_10_10_100_100000 - step_10000.csv,sim 0_10_100_0_0 - step_10000.csv,sim 0_10_100_100_10 - step_10000.csv,sim 0_10_100_10_0 - step_10000.csv,sim 0_10_10_10_100000 - step_10000.csv,sim 0_10_10_0_0 - step_10000.csv,sim 0_10_0_1000000_10000 - step_10000.csv,sim 0_10_0_100000_0 - step_10000.csv,sim 0_10_10_100000_100 - step_10000.csv,sim 0_10_0_1000_0 - step_10000.csv,sim 0_10_100_0_1000 - step_10000.csv,sim 0_10_10_10_100 - step_10000.csv,sim 0_10_10_100_100 - step_10000.csv,sim 0_10_100_10_1000 - step_10000.csv,sim 0_10_10_10_1000 - step_10000.csv,sim 0_10_0_100000_1000 - step_10000.csv,sim 0_10_10_100_0 - step_10000.csv,sim 0_10_0_100_1000000 - step_10000.csv,sim 0_10_10_1000_100 - step_10000.csv,sim 0_10_0_1000000_1000 - step_10000.csv,sim 0_10_10_1000_10000 - step_10000.csv,sim 0_10_0_1000000_100000 - step_10000.csv,sim 0_10_0_1000000_10 - step_10000.csv,sim 0_10_100_100_10000 - step_10000.csv,sim 0_10_10_1000_0 - step_10000.csv,sim 0_10_0_10000_100 - step_10000.csv,sim 0_10_10_100000_1000000 - step_10000.csv,sim 0_10_100_10_1000000 - step_10000.csv,sim 0_10_10_1000000_10 - step_10000.csv,sim 0_10_10_1000_1000000 - step_10000.csv,sim 0_10_10_10000_10000 - step_10000.csv,sim 0_10_100_100_1000 - step_10000.csv,sim 0_10_10_10000_10 - step_10000.csv,sim 0_10_10_100_10 - step_10000.csv,sim 0_10_10_1000_100000 - step_10000.csv,sim 0_10_0_100_100000 - step_10000.csv,sim 0_10_0_10000_100000 - step_10000.csv,sim 0_10_10_100_1000 - step_10000.csv,sim 0_10_0_1000000_0 - step_10000.csv,sim 0_10_0_1000_1000 - step_10000.csv,sim 0_10_0_100000_1000000 - step_10000.csv,sim 0_10_0_100000_10 - step_10000.csv,sim 0_10_10_0_100 - step_10000.csv,sim 0_10_10_100_10000 - step_10000.csv,sim 0_10_100_100_100000 - step_10000.csv,sim 0_10_10_0_1000 - step_10000.csv,sim 0_10_10_1000000_0 - step_10000.csv,sim 0_10_10_100000_1000 - step_10000.csv,sim 0_10_10_10000_0 - step_10000.csv,sim 0_10_10_100_1000000 - step_10000.csv,sim 0_10_10_10000_1000000 - step_10000.csv,sim 0_10_10_1000_1000 - step_10000.csv,sim 0_10_0_10000_1000000 - step_10000.csv,sim 0_10_100_10_100 - step_10000.csv,sim 0_10_100_100_0 - step_10000.csv,sim 0_10_100_0_1000000 - step_10000.csv,sim 0_10_100_10_100000 - step_10000.csv,sim 0_10_100_0_100000 - step_10000.csv,sim 0_10_0_10000_0 - step_10000.csv,sim 0_10_10_1000000_100 - step_10000.csv,sim 0_10_10_1000_10 - step_10000.csv,sim 0_10_10_0_10000 - step_10000.csv,sim 0_10_10_10000_100 - step_10000.csv,sim 0_10_10_10000_1000 - step_10000.csv,sim 0_10_0_1000_10000 - step_10000.csv,sim 0_10_10_1000000_100000 - step_10000.csv,sim 0_10_0_1000000_1000000 - step_10000.csv,sim 0_10_10_0_1000000 - step_10000.csv,sim 0_10_0_100000_100 - step_10000.csv,sim 0_10_10_10_0 - step_10000.csv,sim 0_10_0_10000_1000 - step_10000.csv,sim 0_10_100_0_10 - step_10000.csv,sim 0_10_0_1000_100000 - step_10000.csv,sim 0_10_10_100000_10 - step_10000.csv,sim 0_10_100_0_100 - step_10000.csv,sim 0_10_10_0_100000 - step_10000.csv
sim 0_10_10_1000000_10000 - step_10000.csv,2.12144822199113e-308,1.3054793893390713,1.0694503709023149,0.9636990469935167,1.2200099234890907,1.4043943025861318,1.5381631372455864,1.9971521965562715,1.0519095723671725,1.138785103138769,1.0367582858088866,1.0999394976544075,1.4589217825312382,0.9329772885407186,2.4603105828183356,1.0685285331767584,2.6137172735728917,1.0089888559620428,1.127860858013845,0.5865336695937593,1.1617243522021479,2.755563947381738,1.3655630681540956,1.0590918554215643,1.063177450574801,1.1213683706851727,0.929613778727493,1.1733456382873477,1.447757863461005,1.063177450574801,1.2438020868638713,2.8298772453220895,0.8679513194939519,1.964087722247605,3.136303291443628,1.22295386534533,0.6454975514505711,3.201665888598967,1.319588298888309,1.3204102651673217,1.0499432514367033,2.0247246836430985,0.9101525060980505,1.162518746554655,1.0695308864964677,1.2071421492897123,1.0470197590107055,1.2378282730980015,1.1532415945003134,0.9927548717865502,0.9339379928146752,4.201079242183857,0.9521308541663487,1.121464897953211,0.6456123237626619,1.1518413457225378,1.3585091737469703,1.361699368307999,0.8277985397166292,2.1241070976224865,2.1474706789239733,0.8618618721564726,1.5631526976067587,1.1224071113500997,2.244442895921406,0.9037982568285443,1.305919986258127,0.7981367794708696,1.1233227941700852,1.1757922821594722,1.0103268558554372,1.0760237983755578,1.045269104888492,1.0838917392697889,0.9934687925188133,0.6808636679483442,2.1774253782563395,1.5421022545313292,1.2222091112447337,4.387810094225712,3.2128775373688496,3.9728888177334625,1.398546835734047,0.9229203042045117,1.2380291165975539,1.7983396135262435,0.8650409536736188,1.0926932167805763,2.1638267513710616,0.8059353097790956,1.0452691403534295,1.2440566829138708,1.1292252315730913,1.063177450574801,1.218032125431689,1.1493406009951208,2.423133892308387,1.3229826291941862,3.4768911803790026,1.1195692832490591
sim 0_10_10_10_1000000 - step_10000.csv,1.3054793893390713,6.69328764445188e-309,2.2853310153533566,1.6815316990788565,1.934192540644414,0.7191236756070705,2.5684697607198075,0.8869517706021384,1.8417197169123989,2.284520084782578,1.3592684354009226,1.714029308726504,0.7191236756070704,1.3501210716196663,2.5955603783037158,2.1758139745195884,3.348974288546255,1.1262677058252748,1.9448839702259164,1.2362907398975498,2.2682328164282257,3.1563644594232887,2.3170353170156908,1.4888363835250331,1.4870378550496317,2.08890916787408,1.7243977412132203,1.552004114918853,0.7191236756070704,1.7457534356545494,2.1673710381080915,3.915380466846746,1.1862113993535264,2.7133148634065942,3.6202087588603424,0.7191236756070705,1.7471248628587916,3.264758623797441,0.5423224503124207,2.4276957065101517,1.8897756885363748,2.8400848735181614,1.408850789145573,1.9632289650171675,1.6158689986731822,1.97522157574285,2.1927547406545145,1.7108765950806113,1.8972451595859976,1.6748790482896359,1.6193590251168126,4.201079242183857,1.0918128664239175,1.2788969206898066,1.0406986956077517,1.4109521466270714,0.762911860333908,0.7191236756070705,1.3392225106749347,3.0690784510098266,2.443325786048698,1.6127925982178688,2.255114135086739,1.9993680687333466,2.5741457647515062,1.5957596943085244,2.4516549679019355,1.415992037970316,1.4872504543212433,2.010160523864098,1.8824210959966654,1.105102792873154,1.7571251891108144,1.0277766250947709,1.71332731440455,1.094725062203574,2.654625155117399,2.6367796191318664,2.3679440928885427,4.387810094225712,3.212877537368849,3.972888817733462,2.5378841596434856,1.1544454768343524,0.8489778856699957,2.9440745951700524,0.9798633839755819,0.9070388980458635,2.7046381760049845,1.0625247722939442,1.9042691252250705,1.961481168886074,1.7753374372984627,1.7212406444442685,1.934404189278073,2.20224211732194,3.128330160604387,0.8646553969271187,3.6873826553966396,1.8628337291479262
sim 0_10_0_1000_100 - step_10000.csv,1.0694503709023149,2.2853310153533566,9.247324617099825e-309,1.1455960015202784,0.583315186534751,2.4391476653801596,0.7335468801117342,2.9238360691177654,0.5508787212925794,0.7855339059327386,1.335706050576242,1.0189915905010825,2.493675145325266,1.2574611900008055,1.9431929212993726,0.4688722009824877,2.6137172735728917,1.4516240141586216,0.8036162633478341,1.1480294694850262,0.6045370046287744,2.755563947381738,0.9640338027237387,1.1401721585643259,1.008425902349959,0.8054021145773014,0.9120299995430958,0.9289087908185891,2.482511226255033,0.8090024334267039,0.7276155865044363,1.812689375537035,1.9021144852085943,1.1374690648962602,2.3391215578752647,2.2577072281393575,1.1463617799553987,3.201665888598967,2.3367761686733637,0.7356988144979084,0.8756419334205177,1.098797416302311,1.7990826643576412,0.5848679779271091,1.4224281978124935,0.7524960971277004,0.7648471089853803,1.2336412508685752,0.9065141505906116,0.8085111438047221,0.8855336787301438,4.201079242183857,1.8590499919105223,1.2152152786706019,1.4865467891834232,1.2541400061636168,2.3932625365409983,2.396452731102027,1.0625890237835929,1.106919227837432,1.5515222682813121,1.0585901440145769,0.7123280451902412,0.6539725628342197,1.7770276023089195,0.9138445354699911,0.7648471089853803,1.0089189781000734,1.1812668155573238,0.788142532896182,0.7756488310788612,1.2837464386895423,0.6608628686698079,1.536250010663041,0.9871793119620804,1.330277574623043,1.8612173817422981,1.3231475744888614,0.7648471089853803,4.387810094225712,3.2128775373688496,3.9728888177334625,0.6524147565183878,1.2937376988160931,2.272782479391582,0.8150000500117578,1.5241215854403194,1.5013709881363848,1.5532762020497586,1.501366442653982,0.7630185317488056,0.8079698705319824,0.7742146480298437,1.2217005458903127,0.6503780755090656,0.7648471089853803,1.7169604321406764,2.357735991988214,3.4254622626962146,0.8345500533167867
sim 0_10_10_1000000_1000 - step_10000.csv,0.9636990469935167,1.6815316990788565,1.1455960015202784,1.2785369061036343e-308,1.138407019731071,1.8202382686607361,1.050726922664941,2.511742341244646,0.934949019890194,1.018099374969407,1.0933814702296019,1.1618074766285602,1.806817170718885,0.8597038758458346,2.31912126294638,0.9699778029040402,2.6137172735728917,0.9646756819290906,0.9924668668366134,0.6292243821987613,1.066348491496047,2.755563947381738,1.2832041607821125,0.8184983073289818,0.8606511374577117,1.0824514552697266,0.9823257590892585,1.0911436725345691,1.6230518681918598,0.9382942963273635,1.1582279129412196,2.2940805278870418,1.2011016861245203,1.7762797427131627,3.1573852442860133,1.6791571802880634,0.5877954438308616,3.201665888598967,1.855385016323357,1.2087674668653605,1.1580322798065241,1.919340053862154,0.6911903305229714,1.1088485565065564,1.0583937652453423,1.1092558558667545,1.0247071236698346,1.2933908247803707,1.1649597570487504,0.9591280442210905,0.9502599456725571,4.201079242183857,1.3776588395605156,0.8184983073289818,0.9825986217592869,1.212123972854263,1.595293040714818,1.7217962952268557,0.8546593923777239,1.6319866734723867,2.1440667441526973,0.8184983073289818,1.3477763100498468,1.1218551634023246,1.9303487311096976,0.9320021517088062,1.1731417361380814,0.8485487073083071,0.9440786335616416,1.130503014092044,0.8890651044989752,0.8023552863395355,0.956066986568354,1.0216803441958664,0.9037327902324055,0.68622063541485,2.1279826342036543,1.5216482758842158,1.0149856448367043,4.387810094225712,3.2128775373688496,3.9728888177334625,1.3373298750913438,0.6758389250960786,1.389733726931169,1.5585894290611044,1.0285902713601445,0.7744928010329931,1.9077253133117456,0.6190069267849124,1.1951517253785209,1.1121148255956221,1.308377430396356,0.8184983073289817,1.1499666435302398,1.0612894624131055,2.4199416569269268,1.2442963431090277,3.4254622626962146,1.1033731082857852
sim 0_10_10_100000_0 - step_10000.csv,1.2200099234890907,1.934192540644414,0.583315186534751,1.138407019731071,9.14377271473021e-309,2.026639351583503,1.3168620666464852,2.6699165203674067,0.6235393941711926,1.09468063401847,1.2560159577741716,1.1047733696086919,1.9941684294768187,1.2707034880466495,2.2736002335430054,0.7298066629870723,2.6137172735728917,1.3468805935673593,0.8261661315862607,0.9207494263399063,0.735838480565933,2.755563947381738,0.7698297680411788,1.1304009057920528,1.09468063401847,0.9968632512945801,1.1284999369647188,1.09468063401847,1.965938470407643,0.995222495886944,0.8972416671286361,2.1410422323597587,1.4520326246401787,0.9848532810113877,2.532326252551396,1.9792567071286322,1.3028479021675992,3.201665888598967,2.00842331185064,1.1212957398814547,0.9410883136462314,1.25957561135038,1.3661468199848539,0.6867565605551569,1.3911837063651333,0.7568232188673472,0.815135071392163,1.202396759421215,0.8039273267213947,0.6493117558484887,0.9987017281155239,4.201079242183857,1.8271330841342266,1.3080210549614648,1.2982765203148823,1.2281861810107646,1.9563659437713419,2.150486830695021,0.9576822154558533,1.4352720846601557,1.701991585423965,1.0603120127131165,1.1968877217013798,0.8659017388087689,2.1414534499807,0.790159443526437,0.9075714815570084,1.077187675849574,1.189285768993325,0.9603025460405545,0.6597049100002366,1.2206072837649096,0.6280252156008022,1.1747186397231495,1.074620885187965,1.221326963700232,1.8612173817422981,1.2374855271985528,0.6659817799156631,4.387810094225712,3.2128775373688496,3.9728888177334625,0.7373534208501322,1.3610722983354666,1.9522313361609278,1.1095046005639126,1.2993838143661325,1.367336660078191,1.6701888502016056,1.2323464727562072,0.6190804767263138,0.7964349610349508,0.6896328333573756,1.1597826530222566,1.0185709530970515,0.9081263496332843,1.7087605944176083,1.8728326296125992,3.4254622626962146,1.0548450136498033
sim 0_10_10_10_10000 - step_10000.csv,1.4043943025861318,0.7191236756070705,2.4391476653801596,1.8202382686607361,2.026639351583503,1.7203936994010514e-308,2.5684697607198075,0.8209096576845676,1.9670005723204405,2.423226654364457,1.4932024534066155,1.7177099603823365,0.490413420207533,1.4888276412015455,2.595560378303716,2.314520544101468,3.4079061686205407,1.0639917315796552,1.9997114262235005,1.3289447495466273,2.350580891973335,3.2786640587205733,2.45574188659757,1.6275429531069125,1.6257444246315114,2.2276157374559595,1.8782143912400233,1.6263507687988934,0.2764190268528512,1.8844600052364289,2.3060776076899714,3.915380466846746,1.3249179689354058,2.8268461447255873,3.6202087588603424,0.3073603620406082,1.8858314324406713,3.40346519337932,0.6948193947543508,2.566402276092031,2.055419567448361,2.877715915694339,1.5475573587274525,2.101935534599047,1.7545755682550617,2.114564309600325,2.331461310236394,1.710876595080611,1.9520726155835817,1.687068924041293,1.758065594698692,4.201079242183857,1.0918128664239173,1.417603490271686,1.0493656026758078,1.6502443874548174,0.7900988057841456,0.581717506704063,1.3940499666725186,3.0690784510098266,2.475144129731156,1.7514991677997482,2.3316062636131174,2.138074638315226,2.5800437323458474,1.6281827770454222,2.5903615374838154,1.5176281969626915,1.6215264767637372,2.102607334803187,1.9372485519942497,1.1599302488707381,1.8958317586926938,1.0316186367867493,1.8520338839864294,1.134017633245886,2.7458084623986085,2.775486188713746,2.506650662470422,4.387810094225712,3.212877537368849,3.972888817733462,2.6765907292253655,1.2092729328319363,0.8489778856699957,3.082781164751932,1.0225151122619467,1.045745467627743,2.7046381760049845,1.2012313418758236,2.0429756948069495,2.100187738467953,1.8947265154706532,1.8599472140261477,2.0731107588599524,2.34094868690382,3.128330160604387,0.9469569924776975,3.7286831058150565,1.955280540087015
sim 0_10_0_100000_10000 - step_10000.csv,1.5381631372455864,2.5684697607198075,0.7335468801117342,1.050726922664941,1.3168620666464852,2.5684697607198075,8.17243207418339e-309,2.7161819012616544,0.9470210728925164,1.2781433619370652,1.5284615484332118,1.004469415250714,2.5684697607198075,1.29532750696875,1.9387102442215038,0.6611967663034104,2.3767919004560873,1.9285925614386503,1.486625643775974,1.4552103986236684,0.9016148970989182,2.755563947381738,0.8007018887764357,1.2784052338026992,1.1584107235387844,1.0307442812837433,0.9958404484625216,1.240894527677117,2.568469760719807,1.3554230386995183,0.8993415071241682,1.3636577638763958,2.0515637266837574,1.0307442812837433,2.2729926714022053,2.5684697607198075,1.4609981786373716,3.201665888598967,2.568469760719807,0.7500662491018,0.9831419750596488,1.1716672840083682,1.6452528999546292,1.0882777523786675,1.139417792644947,0.8135192140620653,1.1471653081306687,1.1862617974266065,1.2242875893259857,1.3119209182562805,1.0260895534716035,4.201079242183857,2.3415757190700752,1.3665516578986097,1.9465155012688466,1.4411987175663938,2.5592099202243777,2.5684697607198075,1.5451147509431458,1.0882868483324675,1.4990983109233387,1.0326559803705475,0.9078684000062527,0.9806239341353802,1.6692100348722674,1.4421758575958847,1.3535317599785683,1.3727487518345995,1.3048930829645489,1.2608929306957002,1.4514877121350356,1.7662721658490952,1.1642726431213664,1.985597223705426,0.9321212641838663,1.6501375149244097,1.8612173817422981,0.8551162980151696,0.9154860634160027,4.387810094225712,3.2128775373688496,3.9728888177334625,0.6991780166553543,1.6397558046056382,2.3536506064407288,1.1991688707002144,1.992507150869704,1.7384096805425528,1.4801982323217278,1.5829238062944722,0.8025783249365341,1.2995499495469343,1.1153201846458742,1.7251103203418712,1.0051213292804873,1.2515140592214067,1.542181660359688,2.2082132226185873,3.4254622626962146,1.0698029818144832
sim 0_10_10_10_10 - step_10000.csv,1.9971521965562715,0.8869517706021384,2.9238360691177654,2.511742341244646,2.6699165203674067,0.8209096576845676,2.7161819012616544,6.30761172585802e-309,2.505238236838405,3.119866610543845,1.9523335559164714,2.3313084364039955,0.7100610541212387,2.185467597380933,2.798054606801868,2.795534867614965,3.407906168620541,1.7208827818642298,2.7330705568661915,2.025584705726015,2.8888185564913,3.2786640587205733,2.8147814587806113,2.302736420602051,2.322384380810899,2.924255693635347,2.496904108410611,2.2896111956997096,0.8938263566482636,2.5810999614158163,2.8387746351837535,3.915380466846746,2.021557925114793,3.226867050556997,3.6202087588603424,0.9147995678834935,2.319050616188803,3.5538726854705853,0.872949655776889,2.814783872925844,2.6609775032814635,2.8777159156943393,2.24419731490684,2.7985754907784344,2.451215524434449,2.7257742540722347,2.995951892407222,2.052316933013609,2.685371143258733,2.3639956522181294,2.234517204860426,4.201079242183857,1.3271308486973028,2.1142434464510735,1.685960006839428,1.7619266024708597,0.9215851841253055,0.7950819296132677,2.1015691106384793,3.069078451009827,2.475144129731156,2.381156989924799,2.8698439281310826,2.8347145944946135,2.580043732345848,2.25866226055286,3.287001493663203,2.117317629230774,2.1759020213851343,2.7736003030112624,2.6706076826369407,1.8932893795134298,2.592471714872081,1.6362567853598105,2.400465101739583,1.8422292213998084,2.8028807387477164,3.301715229314135,3.0312137884913137,4.387810094225712,3.2128775373688496,3.9728888177334625,3.132931854211403,1.942632063474628,1.1271444979089544,3.4199863812239153,1.648385210582532,1.7423854238071301,2.704638176004985,1.897871298055211,2.599169196506402,2.796827694647341,2.4331542095326455,2.5565871702055354,2.71550823070488,3.0375886430832075,3.1283301606043876,1.2725818817310957,3.7748139211998746,2.609836803495785
sim 0_10_0_1000000_100 - step_10000.csv,1.0519095723671725,1.8417197169123989,0.5508787212925794,0.934949019890194,0.6235393941711926,1.9670005723204405,0.9470210728925164,2.505238236838405,1.9148251441711733e-308,0.9496185671966639,1.5690084104487916,1.3301828896784533,2.0215280522655465,1.2768285451846166,1.9431929212993726,0.5471532148839415,2.6137172735728917,1.2264249730692,0.8460258532380092,1.0111553131379765,0.8356474590822485,2.755563947381738,0.8508128425562838,1.3822050984769367,1.100611520582964,0.8642625690201342,1.125272065245122,1.1452795548991235,2.010364133195313,0.8634060117684275,0.6919407293831332,2.2771847212699985,1.4585031867676364,1.1015488972206295,2.583610767391537,1.7988953644813481,1.0532714394290998,3.201665888598967,1.8722808229404002,0.8460324537033976,0.7181065745988331,1.230690440122304,1.3269355712979216,0.6247777451739971,1.7910182159284664,0.7568232188673472,1.0519283853233636,1.6022312689845482,0.9969892164172602,0.7779139139619851,1.1985399218491803,4.201079242183857,1.6806690422077182,1.169442276793636,1.3670996531946606,1.4851187211903616,1.9211154434812785,1.9700890037777796,0.9589029408398595,1.5714145735703955,1.6098584126732138,1.175550904164636,0.7764564986691642,0.6902926619412479,1.8193779395544816,1.0600347798426641,0.8634060117684275,1.036393679016526,1.3727707130017048,0.8634060117684275,0.8567602303739701,1.3297518622970284,0.8166328776177005,1.3411442503875737,1.0543230295326609,1.402350997380343,1.8612173817422981,1.3101688710218102,0.8634060117684275,4.387810094225712,3.2128775373688496,3.9728888177334625,0.8394566539475861,1.3862952748556268,1.838033148326243,1.2456470894741525,1.5865282831056176,1.2875533720947718,1.8407017657404339,1.4176751394687663,0.6581862480079668,0.8634060117684275,0.7739218990142973,1.006751984569748,0.8132700153515486,0.8647974953756341,1.7259478551168979,1.8855888989284946,3.4254622626962146,0.8634060117684275
sim 0_10_10_0_10 - step_10000.csv,1.138785103138769,2.284520084782578,0.7855339059327386,1.018099374969407,1.09468063401847,2.423226654364457,1.2781433619370652,3.119866610543845,0.9496185671966639,1.5392673318641923e-308,1.4976976036909697,1.334984499084598,2.409805556422606,1.4384133466598072,2.2963719549134742,0.9770588265694,2.6137172735728917,1.567664067632812,0.6828937864488713,1.09428190481783,1.0157288234367368,2.755563947381738,1.0179219255118648,1.2434159007007732,0.9409289491448094,1.0919612420873808,0.9346695252672106,0.8302554148441352,2.226040253895581,0.6061274474888059,1.1049187227062278,1.6910921421833205,1.3493166121761266,1.1319258428932404,2.7575572810975277,2.2821455659917844,1.1549739269490225,3.201665888598967,2.4583734020270778,1.163445009394601,1.0883618962461137,1.4160499639648911,1.1841776594729048,1.061975498206797,0.9996097611281387,1.1933030504009903,1.0512418908978045,1.589946506708797,0.9128631027346765,0.921034414942083,1.0735384267331627,4.201079242183857,1.9806472252642369,1.2604124168732227,1.5855870074630083,1.3757372395173313,2.1982814264185393,2.324784680930577,1.2135258440230157,1.4917375356264841,1.9752704961605563,1.210530976748113,1.3212471602990536,0.9517512628562033,2.2031693840212325,0.9515235540161875,0.7733137729495958,1.130516211453788,1.3270489005163117,0.514559593141179,1.1499203825126907,1.4053436720432568,1.0481274910377616,1.6246687298995877,1.2195929006886308,1.2892090211185714,1.8612173817422981,1.8091341003567276,0.9866036145636619,4.387810094225712,3.2128775373688505,3.9728888177334625,0.9389738840284672,1.2788273107997998,1.9927221126348904,1.1587614658726189,1.6315786570638657,1.3774811867367145,1.8748414269088265,1.2219953124886338,1.0354717158962874,1.1542022949135715,1.0157382546859965,0.7907902322495666,1.0607202226101977,0.5333422996789476,1.812270167570893,1.847284728812749,3.4254622626962146,0.9788860000496911
sim 0_10_100_100_100 - step_10000.csv,1.0367582858088866,1.3592684354009226,1.335706050576242,1.0933814702296019,1.2560159577741716,1.4932024534066155,1.5284615484332118,1.9523335559164714,1.5690084104487916,1.4976976036909697,1.7367976409514515e-308,0.7932460125970318,1.6801766819812742,1.194919596584505,2.3668880906713365,1.2875318104469329,2.6137172735728917,0.9073415774635354,1.2568958341488958,0.9577646729667801,1.263947112271805,2.755563947381738,1.2302323383317155,1.1778790167432893,1.2040482815494042,1.2040482815494045,0.9958594788357029,1.2040482815494045,1.6801766819812745,1.2040482815494045,1.373704368540265,2.858625196810694,0.9584256690159519,1.8652627526085686,3.1650512429322326,1.4699218153066944,1.0368323158205364,3.201665888598967,1.5267739676179595,1.5382393306056474,1.11593761790417,1.7224707494208464,0.984256404106592,1.265253100666813,1.2040482815494042,1.2082570373479784,1.1334191895466101,0.7330276980112415,1.0866821941543332,1.2065993882928507,1.1406172782720914,4.201079242183857,1.3235334496242652,1.0560415186675973,1.0454252304745015,0.6868544410989781,1.3213177140964838,1.64845520310336,1.1790432657032035,2.152855049111091,1.9168636774377228,1.0560415186675973,1.3847093878008705,1.4447357563597327,2.234741307109031,1.0756640173134588,1.4439503052589,1.0406986956077517,0.7798467455447247,1.2573196540914964,1.1708675093090566,0.9868195181790309,1.1525809785087686,1.071649858025452,1.0406986956077515,1.051756349821115,2.027636383314444,1.5197925889766617,1.2509570627333382,4.387810094225712,3.212877537368849,3.972888817733462,1.4208971294882815,0.9860241491363464,1.3295971311328794,1.827087565014848,0.9884456033433198,0.9477009078723871,2.154125162558687,0.9996165208536674,1.210750082048591,1.3012564899508448,1.4374506191103942,1.2040482815494045,1.2511340955035717,1.3002050134295624,2.2860267623457293,1.3326842180065608,3.4768911803790026,1.2736893320603329
sim 0_10_100_100_1000000 - step_10000.csv,1.0999394976544075,1.714029308726504,1.0189915905010825,1.1618074766285602,1.1047733696086919,1.7177099603823365,1.004469415250714,2.3313084364039955,1.3301828896784533,1.334984499084598,0.7932460125970318,8.132298084870164e-309,1.714029308726504,1.0282002543570599,1.9431929212993726,1.1216348047148532,2.6137172735728917,1.1844711085754926,1.0984408501889895,1.1263202451691283,1.0358045697255687,2.755563947381738,1.11207875287164,1.2151527711667462,1.1905192062983954,1.1740425137560786,0.9564572498320424,1.2034722346554956,1.714029308726504,1.279428740528246,1.3086669622512606,2.3346330636281962,1.4545717838554681,1.5976410933553336,2.641059109749735,1.714029308726504,1.1038969154035092,3.201665888598967,1.7528567080449573,1.3258517353182047,1.4459121995023745,1.5655100019658779,1.406057355262801,1.0953918221662793,1.166277339983039,0.9676585140025207,1.051106745647619,0.4842934549027049,0.9755971141117552,1.176002817010052,1.1437845836565117,4.201079242183857,1.714029308726504,1.0073297859216177,1.309609910761506,0.6702205455352104,1.714029308726504,1.714029308726504,1.028631337589144,1.6288629159285932,1.6634617150198192,1.051106745647619,1.1812056511998925,1.2436695149562196,1.7107491739265335,1.2002422148457477,1.3730061312113548,1.104836044552906,0.6021944013749785,1.137481808502053,0.9888768463104185,1.1557272194398562,0.9362374745439102,1.2074682231407436,0.9918760994814635,1.4101451914563174,1.6971978392977896,1.0577762283314094,1.099946283576478,4.387810094225712,3.2128775373688496,3.9728888177334625,1.0552087040374154,1.203213856805906,1.714029308726504,1.4189382409838363,1.2645120533773972,1.2989581348382646,1.6301330293761893,1.2488952418693735,0.9813483728452104,1.3890212462788067,1.228870015418524,1.6809726300299,1.0698527425682887,1.1143726546089034,1.9539215966168175,1.714029308726504,3.4254622626962146,1.1905192062983954
sim 0_10_100_10_10 - step_10000.csv,1.4589217825312382,0.7191236756070704,2.493675145325266,1.806817170718885,1.9941684294768187,0.490413420207533,2.5684697607198075,0.7100610541212387,2.0215280522655465,2.409805556422606,1.6801766819812742,1.714029308726504,7.427605847230124e-309,1.4754065432596946,2.595560378303716,2.3180569467090275,3.4079061686205407,1.189162472970823,2.0542389061686066,1.3456456758402398,2.4051083719184407,3.2786640587205733,2.4740861807553998,1.6141218551650613,1.61232332668966,2.2313454946311686,1.9327418711851294,1.725479490996946,0.4067054353260149,1.8710389072945777,2.29265650974812,3.915380466846746,1.3114968709935546,2.8877670560689026,3.6202087588603424,0.5597787628966646,1.8724103344988199,3.390044095437469,0.7014961433843823,2.55298117815018,2.0530713438943398,2.877715915694339,1.5341362607856013,2.0885144366571953,1.7411544703132105,2.1145643096003255,2.3180402122945427,1.7108765950806113,2.006600095528688,1.7917165188554767,1.744644496756841,4.201079242183857,1.0918128664239173,1.4337389632423656,1.1079253006957108,1.681883680364871,0.8575591960428417,0.6254949901603614,1.6252593771810666,3.0690784510098266,2.4751441297311554,1.738078069857897,2.3861337435582235,2.1246535403733744,2.5800437323458474,1.7125971648743652,2.576940439541964,1.6243361679422248,1.6889825800536131,2.094768652313677,1.9917760319393558,1.2144577288158445,1.8824106607508426,1.118157816407949,1.8386127860445782,1.189372397912508,2.7323873644567573,2.762065090771894,2.493229564528571,4.387810094225712,3.212877537368849,3.972888817733462,2.663169631283514,1.3177612165046124,0.8489778856699955,3.0693600668100807,1.3950190508011868,1.0323243696858917,2.7046381760049845,1.1878102439339722,2.0295545968650983,2.086766640526102,1.9249676168754561,1.8465261160842965,2.067053245467262,2.327527588961969,3.128330160604387,0.9019023215185307,3.7152620078732053,1.9409671664983978
sim 0_10_10_100000_100000 - step_10000.csv,0.9329772885407186,1.3501210716196663,1.2574611900008055,0.8597038758458346,1.2707034880466495,1.4888276412015455,1.29532750696875,2.185467597380933,1.2768285451846166,1.4384133466598072,1.194919596584505,1.0282002543570599,1.4754065432596946,1.028152558994892e-308,2.4309864514269073,1.0818429913845673,2.6137172735728917,0.6332650544699003,1.0515620378649615,0.8136447513605187,1.224756393036099,2.755563947381738,1.237872225430939,1.1694052182821464,1.241390453533893,1.416054644639111,0.8013706364853269,1.5104658579666292,1.3114417006810637,1.3663634202542632,1.260726253886311,2.625491155346232,0.9412384024501055,1.8346322417268048,3.2692504327665404,1.3477465528288732,0.7543337856216582,3.201665888598967,1.5239743888641666,1.350974686401882,1.1214903174988917,2.1174826839444343,0.7860914176461042,1.195500465514641,1.385127292257672,1.2037639092595835,1.1313095837553124,1.1443970562227452,1.2267346978544786,1.060028465141496,1.0776786449650757,4.201079242183857,1.2939220973346472,0.8680235729959627,0.7354275002961116,1.2164867163535007,1.2638824132556277,1.3903856677676654,1.181919828110975,1.9197210076466291,2.1489841410648314,1.0829683596515371,1.4999351462578066,1.24108642888433,2.0718676513824805,1.1646008955537264,1.3405460093051467,0.8550950000195332,1.10866826726404,1.3381182377765928,0.8452083490039772,0.7488180342552687,1.0707040532538734,0.9836885278818821,1.0001394588316979,0.8198512716005516,2.226107853995064,1.563182800346036,1.1002072555522382,4.387810094225712,3.2128775373688496,3.9728888177334625,1.4355787702070124,0.8352655377568592,1.2770518054442126,1.6704546175416315,0.7547680089595525,0.9190961908404337,1.9998252678157336,0.9161941621219096,1.0426293162463267,1.1862858383020658,1.452572949075,1.303486402884961,1.3022885793345775,1.2630479849494174,2.3451622116852384,1.1199118647342718,3.4768911803790026,1.4740364069943341
sim 0_10_0_1000_1000000 - step_10000.csv,2.4603105828183356,2.5955603783037158,1.9431929212993726,2.31912126294638,2.2736002335430054,2.595560378303716,1.9387102442215038,2.798054606801868,1.9431929212993726,2.2963719549134742,2.3668880906713365,1.9431929212993726,2.595560378303716,2.4309864514269073,8.839329402685583e-309,1.9431929212993726,1.5383653582179626,2.595560378303716,2.4603105828183356,2.321554730911128,1.9431929212993726,2.755563947381738,1.9431929212993726,2.3136974199904277,2.181951163776061,2.12881106381571,1.9431929212993726,2.2956394257181874,2.595560378303716,2.3143560462432244,1.9359589709563725,1.75910482892359,2.595560378303716,2.08057629757136,1.753564616278826,2.595560378303716,2.240140925130806,3.1929532108498186,2.595560378303716,1.6526334334527721,2.056663225440696,1.8112169813461971,2.4603105828183356,1.9431929212993726,2.2526663473320774,1.9431929212993726,2.1951459217252287,1.9431929212993726,2.2105797366434423,2.2217162528381387,1.9677612476454112,4.201079242183857,2.595560378303716,2.3887405400967037,2.595560378303716,2.2796252598045186,2.595560378303716,2.595560378303716,2.3835412931812705,1.2511595719616189,0.9938247715456789,2.070375030225975,1.8354269097574036,1.9431929212993726,1.0811088217550466,2.2806023998340095,2.4082766580196386,2.2111752940727243,2.1433196252026736,2.099319472933825,2.2899142543731603,2.4603105828183356,2.002699185359491,2.595560378303716,1.9933958757533397,2.4603105828183356,0.8020704433569605,1.8042425744253832,1.9431929212993726,4.387810094225712,3.2128775373688496,3.9728888177334625,1.9431929212993726,2.4603105828183356,2.595560378303716,2.072857483305979,2.595560378303716,2.4603105828183356,0.8634966510631719,2.4603105828183356,1.9431929212993726,2.1382164034533364,2.0536958575721593,2.4603105828183356,1.9602297729560032,2.1963038942607103,0.9713180650406628,2.595560378303716,3.3638390407025334,2.1245478798555535
sim 0_10_0_10000_10000 - step_10000.csv,1.0685285331767584,2.1758139745195884,0.4688722009824877,0.9699778029040402,0.7298066629870723,2.314520544101468,0.6611967663034104,2.795534867614965,0.5471532148839415,0.9770588265694,1.2875318104469329,1.1216348047148532,2.3180569467090275,1.0818429913845673,1.9431929212993726,8.40385806777855e-309,2.6137172735728917,1.4589579573698224,0.8995702401165611,0.9855757945548405,0.5786081466818151,2.755563947381738,0.869319664558196,0.9963784623316716,0.9817871007776828,0.8995573964862018,0.8236181010838797,1.00858582724031,2.306893027638795,0.8723586779379477,0.7810575800240596,1.79979825244631,1.726496286592356,1.1537059495101296,2.407288860969194,2.1734394557287953,1.042836488433812,3.201665888598967,2.349667291764088,0.8952868599573662,0.929083926940141,1.4081853125496782,1.623464465741403,0.6589454750078998,1.300959692743593,0.6813470918363116,0.7649393161154627,1.2595235801584472,0.8118000124250688,0.8422863141874526,0.8477363991328657,4.201079242183857,1.8719411150012473,1.0395970800543637,1.4768808972000187,1.12278298453921,2.21764433792476,2.2208345324857888,1.0754801468743178,1.1896554857222714,1.6571041274012064,0.933429403159872,0.8727713337402818,0.8131046395953812,1.9564815446463815,0.8936091907396992,0.8128210575795158,0.9031141477657716,1.1372972588751988,0.8995573964862018,0.9221403075311825,1.2966375617802672,0.6946380390525384,1.515962619636598,0.922475524341575,1.1805029108555818,1.8612173817422981,1.3159786614604396,0.6693814082156395,4.387810094225712,3.2128775373688496,3.9728888177334625,0.7244993547181942,1.1701212005368102,2.0971642807753437,0.8173518207671666,1.5228725468008761,1.3257527895201466,1.7616071628185956,1.3257482440377437,0.7902759687832628,0.9257814407508729,0.7012606331913229,1.1835901075405264,0.5958111992355004,0.7197250209429704,1.8414051887581753,2.182117793371976,3.4254622626962146,0.8995573964862018
sim 0_10_100_10_10000 - step_10000.csv,2.6137172735728917,3.348974288546255,2.6137172735728917,2.6137172735728917,2.6137172735728917,3.4079061686205407,2.3767919004560873,3.407906168620541,2.6137172735728917,2.6137172735728917,2.6137172735728917,2.6137172735728917,3.4079061686205407,2.6137172735728917,1.5383653582179626,2.6137172735728917,7.897955322847076e-309,2.807436759654239,2.6137172735728917,2.6137172735728917,2.6137172735728917,2.755563947381738,2.6137172735728917,2.6137172735728917,2.6137172735728917,2.6137172735728917,2.6137172735728917,2.6137172735728917,3.2904944576592583,2.6137172735728917,2.6137172735728917,2.6137172735728917,2.8720054182790875,2.6137172735728917,1.753564616278826,3.346599769755462,2.642448264754476,3.1929532108498186,3.4079061686205407,2.6137172735728917,2.6137172735728917,2.485694704126395,2.8720054182790875,2.6137172735728917,2.6137172735728917,2.6137172735728917,2.6137172735728917,2.6137172735728917,2.6137172735728917,2.6137172735728917,2.6137172735728917,3.8186370528655758,3.0451014290279144,2.6137172735728917,2.661351493193182,2.6137172735728917,3.262735630182217,3.3892388846942545,2.6137172735728917,2.4758215121470872,2.380280904201225,2.6137172735728917,2.6137172735728917,2.6137172735728917,1.670512141780268,2.6137172735728917,2.6137172735728917,2.6137172735728917,2.6137172735728917,2.6137172735728917,2.6137172735728917,2.6137172735728917,2.6137172735728917,2.7110547146728,2.6137172735728917,2.6137172735728917,1.9594328286638696,2.5744800645624153,2.6137172735728917,4.387810094225712,3.2128775373688505,3.9728888177334625,2.6137172735728917,2.624520155085696,3.057176316398568,2.6137172735728917,2.6989262894500783,2.6761756921461437,1.9329700911948002,2.676171146663741,2.6137172735728917,2.6137172735728917,2.6137172735728917,2.6137172735728917,2.6137172735728917,2.6137172735728917,2.047653515429481,2.9117389325764265,3.3638390407025334,2.6137172735728917
sim 0_10_10_100000_10000 - step_10000.csv,1.0089888559620428,1.1262677058252748,1.4516240141586216,0.9646756819290906,1.3468805935673593,1.0639917315796552,1.9285925614386503,1.7208827818642298,1.2264249730692,1.567664067632812,0.9073415774635354,1.1844711085754926,1.189162472970823,0.6332650544699003,2.595560378303716,1.4589579573698224,2.807436759654239,7.581335794904655e-309,1.274584272724212,0.7071412874909324,1.4080845880619606,2.755563947381738,1.762206117460071,0.9461704293983191,1.187896104957817,1.372053150724314,0.9447015654995781,1.240896016435288,1.0928717179039174,1.1362083535963752,1.450515020958326,3.2587562098161325,1.0415711068891937,2.23621132582846,3.565182255937671,1.071874664112765,1.0302688457090259,3.201665888598967,1.0687709630329874,1.7108396893603857,1.4465863007426787,2.281697072954856,0.6919947719958071,1.3940362579914112,1.1050106894537377,1.4719414099205483,1.4758987235047485,1.3223598840190869,1.3532108644889416,1.1575950545665936,0.956488823890723,4.201079242183857,0.8582259276752531,0.6745863410517652,0.5107356301183436,1.1518413457225378,0.9640714503085528,1.0655796372790673,0.9018032253070407,2.5529860621165295,2.188477084085445,0.9083348003333835,1.7174104820742055,1.427414441112452,2.4408384764833038,1.0595249145043582,1.73479895075217,0.837869438946548,0.9834445852354587,1.4228485767870431,1.0752845245858165,0.45660881639155626,1.269847897725982,0.7035719250779477,0.996471297254784,0.6671209370494822,2.427767396319883,1.9199236019821004,1.6510880757387767,4.387810094225712,3.2128775373688496,3.9728888177334625,1.82102814249372,0.6089198057409816,0.9402286418565069,2.2272185780202864,0.5691056624123263,0.5626157042678841,2.5542561755641255,0.4574217531959288,1.1874131080753045,1.2710663789078378,1.4932722854323561,1.0233698000810267,1.4035621985790918,1.4853861001721747,2.66255866448828,0.9615181240602233,3.4768911803790026,1.2755217820708715
