,sim 0_0_1000000_10_0 - step_10000.csv,sim 0_0_1000000_0_1000000 - step_10000.csv,sim 0_0_1000000_1000000_10 - step_10000.csv,sim 0_0_100000_1000_0 - step_10000.csv,sim 0_0_1000000_1000000_10000 - step_10000.csv,sim 0_0_1000000_100000_0 - step_10000.csv,sim 0_0_1000000_100000_100 - step_10000.csv,sim 0_0_1000000_10000_100000 - step_10000.csv,sim 0_0_1000000_10000_10000 - step_10000.csv,sim 0_10_0_10_100 - step_10000.csv,sim 0_0_1000000_100_100000 - step_10000.csv,sim 0_0_100000_10000_10000 - step_10000.csv,sim 0_0_1000000_10000_0 - step_10000.csv,sim 0_0_1000000_100000_1000 - step_10000.csv,sim 0_0_1000000_1000_100 - step_10000.csv,sim 0_0_1000000_1000_1000000 - step_10000.csv,sim 0_0_100000_1000_100000 - step_10000.csv,sim 0_0_1000000_100_10000 - step_10000.csv,sim 0_0_100000_1000_10 - step_10000.csv,sim 0_0_1000000_10_1000 - step_10000.csv,sim 0_0_1000000_1000_1000 - step_10000.csv,sim 0_0_1000000_1000000_0 - step_10000.csv,sim 0_0_100000_10000_100 - step_10000.csv,sim 0_0_100000_1000000_10000 - step_10000.csv,sim 0_10_0_0_100 - step_10000.csv,sim 0_0_1000000_100000_100000 - step_10000.csv,sim 0_10_0_0_1000 - step_10000.csv,sim 0_10_0_0_100000 - step_10000.csv,sim 0_0_100000_1000000_100 - step_10000.csv,sim 0_10_0_10_1000000 - step_10000.csv,sim 0_10_0_0_0 - step_10000.csv,sim 0_10_0_100_100 - step_10000.csv,sim 0_0_1000000_1000000_100 - step_10000.csv,sim 0_0_100000_10000_100000 - step_10000.csv,sim 0_0_1000000_10000_1000 - step_10000.csv,sim 0_0_100000_10000_1000000 - step_10000.csv,sim 0_0_100000_1000000_1000 - step_10000.csv,sim 0_0_1000000_1000000_1000 - step_10000.csv,sim 0_0_100000_1000_1000 - step_10000.csv,sim 0_0_1000000_1000000_1000000 - step_10000.csv,sim 0_10_0_10_10 - step_10000.csv,sim 0_0_1000000_10000_1000000 - step_10000.csv,sim 0_0_1000000_100_0 - step_10000.csv,sim 0_0_1000000_1000_0 - step_10000.csv,sim 0_0_100000_10000_0 - step_10000.csv,sim 0_0_1000000_100_100 - step_10000.csv,sim 0_10_0_0_1000000 - step_10000.csv,sim 0_0_100000_100_100000 - step_10000.csv,sim 0_10_0_10_1000 - step_10000.csv,sim 0_0_100000_100_10000 - step_10000.csv,sim 0_10_0_10_10000 - step_10000.csv,sim 0_0_1000000_0_0 - step_10000.csv,sim 0_0_1000000_1000_10000 - step_10000.csv,sim 0_0_1000000_0_100 - step_10000.csv,sim 0_0_100000_100000_0 - step_10000.csv,sim 0_0_1000000_100000_1000000 - step_10000.csv,sim 0_0_100000_1000000_1000000 - step_10000.csv,sim 0_0_1000000_0_1000 - step_10000.csv,sim 0_0_1000000_10000_10 - step_10000.csv,sim 0_0_100000_1000000_10 - step_10000.csv,sim 0_0_1000000_1000000_100000 - step_10000.csv,sim 0_10_0_10_100000 - step_10000.csv,sim 0_0_100000_10000_1000 - step_10000.csv,sim 0_0_100000_100000_10000 - step_10000.csv,sim 0_0_100000_100000_1000 - step_10000.csv,sim 0_0_100000_1000_100 - step_10000.csv,sim 0_0_1000000_100_1000000 - step_10000.csv,sim 0_0_1000000_0_10000 - step_10000.csv,sim 0_10_0_0_10000 - step_10000.csv,sim 0_0_1000000_100_1000 - step_10000.csv,sim 0_0_100000_100000_1000000 - step_10000.csv,sim 0_0_100000_100_1000 - step_10000.csv,sim 0_0_100000_1000_10000 - step_10000.csv,sim 0_0_1000000_10_10000 - step_10000.csv,sim 0_0_100000_1000000_0 - step_10000.csv,sim 0_0_1000000_10_10 - step_10000.csv,sim 0_0_100000_1000_1000000 - step_10000.csv,sim 0_0_100000_100000_100 - step_10000.csv,sim 0_10_0_100_10 - step_10000.csv,sim 0_0_1000000_10_1000000 - step_10000.csv,sim 0_10_0_100_1000 - step_10000.csv,sim 0_0_1000000_10000_100 - step_10000.csv,sim 0_0_1000000_100_10 - step_10000.csv,sim 0_0_100000_100000_100000 - step_10000.csv,sim 0_0_1000000_0_100000 - step_10000.csv,sim 0_0_100000_100000_10 - step_10000.csv,sim 0_10_0_10_0 - step_10000.csv,sim 0_0_1000000_1000_10 - step_10000.csv,sim 0_0_100000_100_1000000 - step_10000.csv,sim 0_0_100000_10000_10 - step_10000.csv,sim 0_0_1000000_1000_100000 - step_10000.csv,sim 0_0_100000_1000000_100000 - step_10000.csv,sim 0_10_0_100_0 - step_10000.csv,sim 0_10_0_100_10000 - step_10000.csv,sim 0_0_1000000_10_100 - step_10000.csv,sim 0_0_1000000_100000_10 - step_10000.csv,sim 0_0_1000000_10_100000 - step_10000.csv,sim 0_0_1000000_0_10 - step_10000.csv,sim 0_0_1000000_100000_10000 - step_10000.csv,sim 0_10_0_0_10 - step_10000.csv
sim 0_0_1000000_10_0 - step_10000.csv,0.0,334.6953380488845,222.40264291336672,286.53239354237195,446.58651124953155,283.14100504798466,186.0009098970947,257.68831253307593,283.93727820585724,69.70620036480308,320.61737151991065,301.336238702487,248.58493106856844,204.66355518881142,177.60258436379328,252.9736452263506,277.5572010081012,304.4274577179658,84.32856739015395,218.79965458844856,286.753249948554,156.20868226435226,213.56906156163936,388.1541483361996,95.85544123342913,298.9426096060413,86.93243031947591,106.2940957379986,386.6595523725758,78.12834029696805,149.48807580127948,165.72928404784776,446.8829157492334,250.34419511104662,209.25730566140624,254.3390852790516,418.253652340101,446.69746021647995,303.5287231941532,549.4040096015108,220.28319945121655,269.6680749165372,225.72171073570303,268.16628138972686,243.76909304832213,330.61339593099956,108.23784872624194,290.3412379978556,83.09043504857149,320.26049880260075,83.00924753962495,93.67265457782365,264.39526865810546,322.9598289932609,167.26786002196715,256.59854944357284,463.4466162933335,337.95803910968533,89.746449585352,222.21086181895532,461.49765925388806,69.94800652273045,209.2000294989593,486.1738542863487,445.81610397987646,209.65421655590774,326.8868557870871,367.21878002501535,99.13504853817896,304.78627126868963,294.73944127120456,340.75928399429597,266.21953957895363,209.57278157984098,156.89872575050555,476.43085577019417,268.4598300467058,446.8643409821179,170.21542345646992,238.4825437821229,218.66208367338723,186.1365422239149,97.65870523711861,555.1559298167543,339.7573694940128,265.7521727027006,151.7809407348199,94.30499078265436,305.2486633199414,91.80657477516654,264.81837742824297,411.39159127710326,132.74189612140634,230.18173259816422,127.94402740728127,90.7320531042308,251.17652124767636,118.92033486419359,203.73696764179937,120.09876170405678
sim 0_0_1000000_0_1000000 - step_10000.csv,334.6953380488845,0.0,224.6002455969407,327.78287564737377,391.0553073916415,346.42999378115775,299.0953945637628,222.5521039812402,241.933630448191,344.46087170645745,272.2847828855119,255.96560805279606,300.4230834077959,288.71605609679006,267.7760754417932,224.6229707446129,220.86577420349164,266.6224987008682,327.2016775019538,193.30074276105293,259.4652713432485,278.8181395689577,244.7602162982369,341.49032986807754,347.8170260827295,256.7676150828322,344.8353215588456,349.9840374144031,324.8940214485312,357.8940477794676,331.420499004593,265.64891700909743,399.236222595795,208.3065055220798,280.71714176496783,219.8399297086134,353.1021930947441,376.47120500417924,270.85320872083355,500.5623419018372,301.3292567506705,230.1137049796951,326.02543648674566,338.2890209358726,285.9957027976597,309.66360384543026,346.16667373581464,276.20140339326264,355.05704291661914,272.4436777911536,355.99076312521765,346.7044071518041,226.46906168525902,117.18008417931995,264.11552394948524,217.0241099628993,398.35091143247166,90.56060309963055,316.2270472098952,232.97089118072833,414.4281453453309,351.23693337563833,259.2820522817405,421.57710579905364,414.94948990760963,243.20843049921993,308.58111218145297,95.62940812624404,354.66095599715806,276.315018435535,266.36776430638366,280.73363559978935,226.63818053576819,208.47172157295049,255.95956214169541,521.1520040271188,224.81010258068892,400.3110704803783,247.8287705337249,180.91051310405686,338.4860631491361,283.75583030599654,313.8352333549565,491.49602908372106,93.81209592178688,234.53863709823543,353.8778175124953,306.52450632803425,274.9712425087888,326.947500807038,194.74199711196405,367.59370814590744,290.4418147902821,337.05698974471346,268.51408364354563,356.192816799443,199.74972409786662,357.01543791365924,238.4948407344474,345.9379162935877
sim 0_0_1000000_1000000_10 - step_10000.csv,222.40264291336672,224.6002455969407,0.0,408.4531468239587,366.0925483918118,414.61913126691513,252.19731374438743,182.2895410819462,207.50729564844153,248.21162352233677,234.606597887821,230.0782973578072,371.55472331444753,251.10852870039054,216.88645105153236,184.56883037806463,194.53828453570614,219.47571860574163,217.6368084475832,178.82152693442657,214.80031111199023,200.54681414894574,204.3608396269129,314.2530010070491,236.35289255020686,227.75112680148015,236.96575151755525,255.89356938238748,309.89977564093005,259.6064152582693,207.7196265447605,145.0556170969273,365.95038450960527,174.57254112383114,237.4831673071905,196.9923843761611,336.6446868338263,357.55071812048726,229.68999976980479,470.47524152284564,191.04852038192112,199.75525870510484,369.34747303367016,402.4771804880497,357.0951894173356,244.41126523195948,238.4860871307764,213.76077808368478,263.8596233467692,227.6021790450651,268.6543882889685,238.50610074282253,189.36396675374587,266.73145956390545,203.6071536005847,182.0355650185438,380.6227652520777,239.35099489797693,206.0934711006854,83.45933328604161,383.6838396344267,249.27601834533382,222.29267897534996,402.63021474448516,372.2734606983945,194.8989488132354,256.1547540859672,261.74735691706667,242.8886394309813,227.01331702255862,232.49919665800434,249.67172708218786,193.99780167722815,163.43698243411825,203.0526522690107,401.0855289234852,210.01244404742556,369.2302479311997,145.63538304181742,187.26444269326387,363.63893556555246,240.55531065562235,164.90177095624296,467.8956923552355,228.6087945618299,77.90647402857162,230.20590728060114,191.44568276205933,231.6191905263474,213.0561953916502,176.90834436486767,335.7361259593685,212.72674005277767,368.90616155081165,142.33570818852317,252.70792197807702,202.21229464142647,230.8420380247752,203.5209987024634,244.85481234203633
sim 0_0_100000_1000_0 - step_10000.csv,286.53239354237195,327.78287564737377,408.4531468239587,0.0,441.83162975512346,75.27853220418594,251.2903804914291,325.8608435144383,328.47751474275435,272.03963278388824,350.7961281363446,316.05440516131824,71.34905833809258,264.62590692232664,270.8829777993322,324.8615520415737,317.04436524175577,352.02363605737327,303.1449432231783,279.34985014961774,338.96294465459926,283.2895511557451,288.2753758455477,395.742543369238,281.58029532811327,324.39556490014434,276.6599954780327,275.6300694142665,371.7330722309609,268.3740056075269,338.8400682934909,353.26288874077363,460.5298988326495,326.9241033914341,277.3591323943133,297.1315143706923,405.34909179892117,443.98818011587133,348.13266866656284,545.871206272155,389.31973353936223,315.08128403017423,102.1559629300871,81.44680651437301,112.65562059149485,408.2796154654071,283.8312084408665,363.4497493075822,253.20173611441055,373.9674973008903,257.3517164969498,281.64766748739584,331.90314325651684,275.02000134708027,265.09769873185815,317.60480892611315,456.4974212081952,343.87200971625737,297.53544171548873,400.94522083896726,465.46104778734014,267.49555710129795,262.68310940499833,470.25603355876245,469.9314838075043,293.4636245671343,377.7731393531166,348.5076757745836,292.5293966542436,354.37258290485255,329.1907346152522,369.42077628585923,317.0067960991613,304.0523921009979,258.04885214617815,685.3657993368856,296.3809037734024,458.5978489854028,307.4294866084942,264.6861152730151,117.89765766675805,257.1351993778106,344.514906315462,541.5336270694164,341.1092869146106,444.7877964763671,342.61237002622806,306.06426756549376,350.83916432808905,300.45372594634586,310.5996142762808,418.1485875368607,263.87712684592793,105.61651146227304,355.9158834602809,285.18629546740857,275.2668392294333,313.6252574908724,265.01028880391493,283.62688893332245
sim 0_0_1000000_1000000_10000 - step_10000.csv,446.58651124953155,391.0553073916415,366.0925483918118,441.83162975512346,0.0,452.6665945825807,343.06860857856526,260.217098649991,212.42032465115432,433.0303137029661,178.93371636015513,218.41412309309192,423.9594215564737,336.7692304447871,337.3528524264158,251.3850408557607,237.46052349656546,187.53626409078745,392.83792168239506,316.1793771510455,211.41644215194597,419.2951896472108,315.40732430335174,107.6055703359565,481.4399170607566,215.5727623254021,474.1391043681889,477.8763726652254,111.43894342769384,444.11925265119294,512.9450726977703,467.3809182507818,74.69398681413685,256.41359608822825,316.6704996146738,278.768415116999,91.1640642728328,76.94732408946719,197.34621252436912,148.68487206027243,519.7170305765871,256.97284053244823,422.1482653250206,430.53798960784957,428.1731424357038,171.59238819673615,485.1006830268055,192.0631071160416,427.88984445375036,182.41173684129691,432.60891535506477,475.1072656824082,255.9636052029287,404.32443831529423,405.97865505751173,257.4573317675166,71.03521561846244,409.93642639219496,381.02024928554715,393.9799749292687,77.64732707700048,439.59598375614496,310.9695720550435,84.02692931575648,78.16226070218256,300.8221634102206,158.0588123541015,403.7144378612658,490.6528877955294,175.66534698073087,202.62327183277398,169.47917506596156,252.52151907726474,298.28569927751965,384.0468697654301,720.2205383342393,271.68079321789634,75.41304032579778,426.30722911059524,311.1204149373694,413.55347847869757,344.28709745014373,451.4161835964523,144.93980514368653,398.45630958651986,369.32537979995476,530.8122160780448,385.1383104555655,178.56554443081725,396.3645251533589,261.3591018924749,84.42555036096887,439.1103484626883,398.34766695927425,426.92373691849576,398.8487481270626,295.69172580484855,507.4708786025853,298.5921981892075,486.4316892060078
sim 0_0_1000000_100000_0 - step_10000.csv,283.14100504798466,346.42999378115775,414.61913126691513,75.27853220418594,452.6665945825807,0.0,244.14646592092302,326.0294723775819,333.66439612214447,265.43975182246817,355.6302679205652,316.13583082888215,77.90748968164439,255.96784624318616,266.6340791801437,326.91970868336136,321.1284641981896,357.4411782750412,302.08806737106016,283.3148562119414,339.9371534341225,286.56297667212334,284.97514702810304,404.4671536637965,280.6221274667916,325.72859433253666,269.5864738052307,272.9772719474296,380.64272439199067,259.7614538161036,334.97922223084163,355.1950440617491,468.17641570431266,331.54835556082685,270.9615940879084,296.06809481553023,415.88966870302966,452.433165336798,351.2570583783464,556.5896585523845,394.9054294491336,315.7213519405392,90.3377656005637,64.94755362795443,143.0807846085649,415.62046200337403,288.21006942476316,368.6999530538341,246.6639732648582,378.12137801912286,248.32430817983993,280.0525371559816,332.14213648948515,297.57108025720504,266.2266660013031,319.2745325907582,464.50637931884995,360.9706748194964,297.16282790102053,408.26704358610596,476.6255283809642,260.3000754534449,257.86682730809343,478.5410966880921,482.26801280257484,292.165422553622,382.49552579953667,368.0233057700648,287.79941184864407,360.11690025214904,332.060489853311,373.8816718463018,319.187396584108,303.98516724788544,255.92007980118677,694.476378423407,293.259656478614,467.7720072035789,314.6680703064654,270.1291324898814,104.07657107407817,248.63893553922912,345.05322161572553,555.3687931957086,358.4174336669719,452.46212684513523,345.896518377872,307.53306482803845,354.6955522743218,298.4160038170559,313.71311207556715,429.9957759154747,272.04594444013793,101.25214604242377,357.60688125335713,281.8371181465403,276.0810478197997,314.9767344275175,263.5610251338816,286.4354984049569
sim 0_0_1000000_100000_100 - step_10000.csv,186.0009098970947,299.0953945637628,252.19731374438743,251.2903804914291,343.06860857856526,244.14646592092302,0.0,146.27202215636038,177.06746656032317,158.8401508253497,220.21123654760837,171.5940998655169,216.74916529397063,66.67037041533112,68.98432198584231,154.79429959397515,167.69114683760787,207.89148473401335,146.0660867235838,158.42301173464926,174.66279347497368,192.1585844998338,87.05244318549664,284.648211114096,220.80984205195324,169.54300963128765,215.6272686778928,220.12309929871657,277.0270303845522,164.59465844173033,269.2366858689791,251.3592204988277,340.76945300121145,160.00493742316002,71.50504149893732,136.1317827047935,304.34178055779716,332.2807812076393,190.06145358974055,432.89264647990643,314.7252419247047,142.4720942660791,192.49271338823297,226.57253082206077,241.8324915130134,271.1361520751124,235.22430082858696,206.02207363236718,159.00369503122582,219.1773874927697,161.2649329343086,213.95437099080476,150.50567521554464,278.96488750496457,178.4949805771167,149.1902080005022,343.6236343205416,307.9737204588452,127.28360003742743,243.82910749345805,357.938214003365,167.4480812603439,75.98408995598447,375.0702736552483,351.51071588547484,101.78052505421616,231.64342699625638,333.78169968669386,232.8711515275325,215.4759921096264,178.26013196162754,226.12597461576166,152.20292793770645,153.92093259748893,161.83396547884374,556.9740654950398,134.67880693299736,343.1068890866935,225.9363478296668,172.0296803321401,181.37040105541897,65.02839921557792,202.3414143364313,449.580420620842,312.0347172208008,285.2981151175222,283.8901497130517,144.83176027097036,205.73966213921855,128.82412290920408,169.66046159459768,309.50643849943214,203.55804128821333,179.19563021827932,206.57771340562113,136.66737014864967,163.29505087214693,251.72894933890203,88.35998503439339,234.01695741218228
sim 0_0_1000000_10000_100000 - step_10000.csv,257.68831253307593,222.5521039812402,182.2895410819462,325.8608435144383,260.217098649991,326.0294723775819,146.27202215636038,0.0,85.49780944613968,239.1315911602266,130.56977813089324,97.24100113878146,293.2996471276922,139.3731773693738,122.22047037735587,66.56048261626964,73.46533705456403,118.11360982676271,211.72306998528518,106.50376530090969,93.13581257157509,214.7800838015522,100.07178553980532,202.18065275571766,278.8475697297449,97.86489365392868,275.7165973174152,279.4737592335701,197.9842430743893,247.93432722412865,311.9609390584254,264.2934670216374,254.56348292570843,81.2105649348098,122.68038345750364,83.2796945377663,221.42422784454678,247.71958369179686,102.25304502516391,351.2154324271513,328.0609115973569,70.40121008660134,277.912710690599,310.3487076634996,301.3359793429029,180.1523944857112,290.9780988136365,117.04562788027945,240.86402016693668,118.61190333029776,246.78010152503353,274.03245107146984,64.28706166496161,241.78929850559086,202.60917935173404,71.64973791263773,260.2553227432396,240.77028410259786,197.6467861165735,204.32791672979798,273.7163834295809,248.174760364782,111.70177385088093,291.27910925076674,269.3983075658779,95.12744069506414,148.3957822207686,246.52939257917052,291.39311764441754,130.77462983750354,102.10664768416211,131.10692126913665,70.60249607372343,92.42467617049995,186.86380447179297,547.8705485184238,78.9946011877875,260.2102995455875,231.02997019690133,115.85523583714144,268.9284550680631,142.63037387138058,252.4785255799902,361.49979612067307,231.93647788992672,196.83835419236044,330.31828807080007,203.95609936869997,121.6640454539004,206.3611091713905,76.49369778753316,225.50151368721447,243.80240057734648,263.99353688099444,218.22161432424937,220.56410794019283,101.48256132666826,305.81610140764013,98.00263907357282,288.32188685614426
sim 0_0_1000000_10000_10000 - step_10000.csv,283.93727820585724,241.933630448191,207.50729564844153,328.47751474275435,212.42032465115432,333.66439612214447,177.06746656032317,85.49780944613968,0.0,268.90235321690506,99.83908403030584,76.35338318986229,300.2141762875229,167.77747186023512,160.17106008304808,78.81679461121381,74.16085250875504,83.1211102499936,234.41050252911919,141.54796898490082,70.3691047732349,249.08932563480036,135.56210865475668,158.31077227074505,311.5145008933046,74.21617951536115,307.0900182600076,309.10063733988653,152.49017337934316,279.8433902759762,343.52323177685884,295.5327781250326,209.92472431772936,89.13072893237891,150.73681976509965,107.43590400830537,175.27082831506223,202.8189317403372,73.65924997738057,308.11936538959094,351.2751670627351,86.22546393952109,286.8961330326882,316.3590630148276,302.8899740355613,145.78758838911818,319.9512208748367,83.05655040313368,269.271851198271,88.780000511065,274.67618149911044,306.674446854183,81.84910494656789,255.74331626083696,232.93848177643844,90.33671928781462,219.19401862891317,259.39801495480555,222.01909935179742,230.1417197243993,229.445999917445,277.25589761984054,140.1358344341074,247.2007752150742,225.88036675739903,127.51355266573205,112.67404863638124,258.85339867658547,322.25829499994575,91.83858390632675,75.28268690738751,98.88014252307279,84.21575524182909,123.28787253902527,214.7735097739153,573.2567295134268,103.06480321211721,213.33406800711543,253.25690174645067,141.5192238726568,281.31646485106,172.65359064633367,281.07532740695797,317.61017538197194,250.62928159651952,218.33856375297458,363.458410531195,226.65677903157666,87.73809046734262,233.12849006218485,91.8450975914414,180.50043509976035,270.6970960795198,274.16653188426284,251.97653795668464,244.9604964087902,121.68937849335072,337.70556683926566,124.91796772134481,315.84086331608523
sim 0_10_0_10_100 - step_10000.csv,69.70620036480308,344.46087170645745,248.21162352233677,272.03963278388824,433.0303137029661,265.43975182246817,158.8401508253497,239.1315911602266,268.90235321690506,0.0,310.68277123438935,283.5431587688883,234.32013445433736,178.43822703630204,154.8866590826662,234.53732100847992,260.57633201559685,291.4649537307027,88.30365870279988,210.39568775610547,268.7056899871136,166.78079124010264,192.34363368310977,375.35887462261496,118.07735247908968,281.70009895582695,109.69775304121444,118.60305862676117,374.29766182402693,51.75353089088653,179.10975429054332,196.7737774053107,432.70644819731064,235.25439386056547,184.70044543090142,234.8846781155624,404.65326075773066,431.29880982828394,287.9762159873529,532.4393041219756,250.87135887019372,252.11961865999226,206.51862063367332,250.78976121880888,239.59760106191868,331.81808706836165,130.8963375574409,277.2810359036503,53.451943313344515,306.7405659031423,59.47963029175273,110.72657050229657,246.03412168009316,330.32158329620285,176.0537839188789,240.60952393269005,444.34651489140106,351.0724671078742,88.47287413345181,248.68731048436464,447.92735922152025,49.590043924980435,189.43859757412213,472.60620594978974,432.426647503451,190.00112821668384,311.3434321024431,381.46592883718915,123.05313210946626,294.1003876113089,277.8536911684781,325.4589965998488,249.69001766833296,199.7189633449767,162.06774752018657,507.9064937279914,248.8369096406874,433.34428244940807,197.01494183686847,230.85196750754628,199.0996490458516,160.96764147086267,127.398702590024,541.2418531382834,353.7573158731652,292.02557224965534,183.8929747654769,106.2357212173661,292.90948037229253,79.94974618636377,254.59418321784102,397.9786785351521,152.7860762043623,207.39954643199135,156.85726003203288,65.49883807776907,234.97555234104578,149.52628221059672,184.4965510249423,142.28089177645023
sim 0_0_1000000_100_100000 - step_10000.csv,320.61737151991065,272.2847828855119,234.606597887821,350.7961281363446,178.93371636015513,355.6302679205652,220.21123654760837,130.56977813089324,99.83908403030584,310.68277123438935,0.0,98.85830019848125,320.71579535146515,216.00701920629007,204.1053570134896,125.69171759827643,116.05113359431532,70.40914486813463,272.25476725097377,176.69221771788233,93.85609464880724,281.24139855341883,186.0443740399285,121.63536753790413,351.05846872429225,97.78410369179967,344.75406877536454,346.7656481338176,114.1612320672205,323.21649550720326,375.16071277657323,327.2981514957349,176.6833170334642,141.79329461966353,198.86136195014254,151.24885632209657,139.14190664346873,165.47984813552915,82.07790534656671,275.9225573109842,381.9584115660709,131.1639475364072,318.8415618468766,340.16411855749413,329.02414127684796,105.87904940809258,354.4729355896682,88.42186318580306,309.53793177863247,75.60007567873348,315.7863674453597,344.0268636272742,129.0139490770845,285.70938964299177,264.96686743108137,127.72384465399875,185.41201428322773,292.4076695969556,257.9386729467179,258.6138669492923,192.54953916694808,320.56721688543695,189.10896595623439,207.30369805136417,191.95411001436273,171.61758802995442,84.50689057900736,289.87807040760583,358.891578234142,78.92435835399803,91.26626069520997,79.59934381709071,128.59049573292765,160.4029844721882,244.85973228395613,599.0375264746397,148.13647501361888,180.28082708180725,286.87491448662786,173.14376121879874,311.8691715517656,219.2378270654145,315.02798829944334,279.3414204902594,280.53246109904666,246.50418266030758,393.7549128828488,259.7547685748891,72.27349240971478,271.37924506197294,135.38184952920696,146.55826530487838,300.3786809616019,304.97519271497805,287.4415113069509,284.34836965535493,162.0806986918417,374.4509776905813,169.20527077340958,353.2217973125045
sim 0_0_100000_10000_10000 - step_10000.csv,301.336238702487,255.96560805279606,230.0782973578072,316.05440516131824,218.41412309309192,316.13583082888215,171.5940998655169,97.24100113878146,76.35338318986229,283.5431587688883,98.85830019848125,0.0,286.4153923942017,163.28396923129154,162.10423556757772,94.96219981085676,82.50940661416064,88.68266132067578,253.7582459774666,147.66659923758954,72.28365511382037,268.04940260516616,137.48917942193378,162.9522665870294,334.26034726541656,65.02245203483973,326.98410983214325,329.811027996567,150.01386945726495,293.93627543755395,365.1603151974897,318.7561493712171,215.33058537075775,116.01034565749634,148.85353337063844,104.71202595085867,177.02607931797098,204.23371103163691,77.76911089582312,311.0393120738984,372.7084155734783,91.15646002425626,271.9065621614214,298.7991349895218,305.29290647492513,160.51868874241467,339.8569232483226,101.37412336954269,281.2485458585069,98.69312748815256,287.29159659283715,324.5605652812188,93.39200411876845,265.81260977183626,251.7422602275726,96.84293620839402,219.64779699058585,277.09168943183244,238.93472800700224,254.10162674266428,234.19282227651667,292.9589589514766,137.14969213048346,247.06698429365642,237.50713827803656,133.7632920160963,117.67196126327305,277.74768036631116,342.5089779812335,100.28321849294844,75.78488730439604,100.97152256148979,90.54505553448008,137.10306528105204,231.43202483522936,599.6793265926113,97.68899761182286,222.7279921809631,275.3585818347836,146.11051289273513,265.66785977481055,168.12434723790832,303.29137910015123,323.2362148186323,267.95060126036805,245.56669507093775,383.745831875675,245.20688476934484,91.10899595600198,248.77131342533013,107.88531866514957,187.5849268696907,289.7524419357732,257.72763809969103,273.9420524013002,259.08500301075844,125.55605961586625,360.75449316384356,124.50005452863144,339.46861487919705
sim 0_0_1000000_10000_0 - step_10000.csv,248.58493106856844,300.4230834077959,371.55472331444753,71.34905833809258,423.9594215564737,77.90748968164439,216.74916529397063,293.2996471276922,300.2141762875229,234.32013445433736,320.71579535146515,286.4153923942017,0.0,229.4463593887973,234.04964736197988,294.171014630077,285.85832462190274,321.2195139874169,265.8814765839918,246.54833960178237,307.1560914548065,256.5994990901237,254.1437332622729,373.8125189881273,257.5468364190669,299.17272035992653,246.2327495829508,248.75744759145124,352.3554972391424,231.62303505998005,306.95198022229584,318.7825449173802,438.3572065399572,296.9463958110104,244.6045026025744,266.9167821508233,387.4945426590445,422.1424802966651,320.5513097900854,529.4795532959579,353.0021684294012,284.8919623578995,80.6330863577667,78.88863949641265,104.06450233169268,378.32883270707634,260.77054966054106,333.24290982274493,218.857567619904,339.4888422911404,223.46141941429968,254.40027202153516,298.66783856189227,258.1142706273928,236.61421415792952,284.89963982948564,437.03106002508207,321.07498176613007,260.00624888997976,365.33677247465886,446.85212630132816,231.8785367137346,230.1481503391061,453.66989392264065,450.8545077442383,255.70092242642815,347.79413909407793,325.796744894035,264.62149254115616,321.4068546086945,301.39685958808235,340.59771623955277,288.5391330393209,268.54496545693405,221.79079253392356,650.2011785372711,269.77616817451354,438.98181510403754,278.4765287408751,231.6993498496373,98.70795383460185,219.9247426698929,305.40933056310246,524.6589756754395,317.3807286266184,409.5888111873672,317.94182524640144,268.8278686294734,320.58954667118195,263.4444174588188,279.34217358393533,398.6726663890714,239.53666341162668,101.07958945567799,319.0524482937676,250.31583894063263,245.19223907944243,288.61505724615495,227.93636670551214,260.00484432844485
sim 0_0_1000000_100000_1000 - step_10000.csv,204.66355518881142,288.71605609679006,251.10852870039054,264.62590692232664,336.7692304447871,255.96784624318616,66.67037041533112,139.3731773693738,167.77747186023512,178.43822703630204,216.00701920629007,163.28396923129154,229.4463593887973,0.0,78.79455951103876,143.935459381074,152.93017054416504,201.47672611406563,165.97739346569466,147.0757500532425,169.02838531854076,196.70331696759123,80.56088129759858,277.73126599041285,237.88686449965616,165.7645758915101,230.9730508398406,235.2796267847965,270.7476523668694,180.61410533494822,285.9063736629254,262.689833306791,335.08766230918786,153.30329317511521,72.54187750315002,125.20685295141753,301.5532974528548,328.71778981424745,187.14650524541835,427.29100706869053,329.5849303912945,133.06876835608722,197.9669529375883,237.96403577102708,250.97161864589572,262.94820986882513,251.54609818321214,199.9799626892036,177.28635204555246,212.56228094582409,180.75102215298656,231.17302194917553,141.68403334980906,272.85919894417316,183.0394436899434,144.7663485243583,340.21823791487753,302.61678719196686,152.9014046827325,249.2860580104855,353.3131486602728,183.70046300046866,74.3707591830218,369.85234931424327,346.35494336805823,98.7289831597976,226.15466214423003,322.50885298141134,248.19545818575577,209.64246211714405,171.03445739904873,223.20185687144763,139.32439148786392,147.7377732441284,169.1986245027662,568.1352010447949,122.32508836035356,338.62491158995914,234.22940703071052,158.79314827682592,189.8289237972966,74.74601352088796,221.89329953645344,443.77954733242444,303.58125041276816,278.84855941245115,299.4694168167304,169.24292157544443,200.64871261952544,152.79349994533828,159.24614284144235,303.4558708906835,223.268124094375,190.79017930090237,204.9696019128539,156.65810552335972,149.49699222574384,267.6281996314778,84.81808791283044,250.4211920339355
sim 0_0_1000000_1000_100 - step_10000.csv,177.60258436379328,267.7760754417932,216.88645105153236,270.8829777993322,337.3528524264158,266.6340791801437,68.98432198584231,122.22047037735587,160.17106008304808,154.8866590826662,204.1053570134896,162.10423556757772,234.04964736197988,78.79455951103876,0.0,129.67552739150892,148.19753058461552,189.74608072186928,142.0694080093405,129.85845341923144,155.3326549583246,161.81465108232086,74.11685670533686,276.51804099632267,203.7609827926728,161.38931654624233,199.2824446498379,203.68039127086726,271.3414337912714,162.26001174053442,245.8754325588156,217.04365912342996,331.66303149974743,134.6471386703143,70.03112651756582,119.87460103245638,300.14144102439474,324.6799558822343,175.9560868144553,426.29951434454364,284.6317367162209,126.0639451688045,211.15973390796074,250.199839017199,245.44848312558568,252.41265222987977,217.07438558898585,189.2055921245906,157.79747130906125,200.2024619318164,162.83160806085277,196.16629359237118,127.50692315883819,252.6193949299307,147.47177313387797,127.75397907276836,340.3409266019836,276.9694743592746,126.37568891272964,211.62819614037414,348.86353340727976,162.46240435838732,72.57688339868365,367.8660066897647,341.48750876808606,80.45499670350443,216.9903088264199,303.40761547713277,215.4248580642831,202.20661268430786,166.23329429154353,212.51935263357697,130.12529967021894,126.57605975570763,133.52372186962526,525.8437339696608,122.22404459027555,336.1934721798579,193.99060932027155,145.65786634553461,203.47074882611676,66.69613266153685,182.93763562813731,441.57581676965236,280.2696499870467,250.65723796582802,262.06862265620134,136.48522478917297,191.00284786704293,128.18932762771362,143.3257717811154,301.87097155021326,180.9682721133733,202.70473064677995,174.5695295651222,141.81502781078987,136.72392698202435,232.38225955696282,75.69516745996043,214.92456332744973
sim 0_0_1000000_1000_1000000 - step_10000.csv,252.9736452263506,224.6229707446129,184.56883037806463,324.8615520415737,251.3850408557607,326.91970868336136,154.79429959397515,66.56048261626964,78.81679461121381,234.53732100847992,125.69171759827643,94.96219981085676,294.171014630077,143.935459381074,129.67552739150892,0.0,72.08147871936461,109.34297796559792,213.12442739085793,111.53003978753202,85.75516330843543,213.47720274431796,109.23073681036036,192.82136355309495,275.9479717937036,93.52284582578575,273.4068398743474,275.252184257499,190.4052303278165,244.13219116757637,307.860415800518,262.51896302137254,246.784785800558,73.0126776134586,130.8601045196572,82.5198534896475,216.34410560293583,238.04349743547155,98.65482268937058,344.3387775965431,325.36272365233657,70.36654900867319,276.6801214253585,309.17394004450637,297.9647899438772,174.91523735164452,287.60128663448575,107.09937840559677,238.1577708000916,117.92152705167892,243.36205697899638,269.57585870347384,66.46715785670212,244.05479102698484,202.7396283839659,65.72043386832223,255.6423558152304,244.59867432540486,200.62411231298518,207.59795121180485,265.5572922462743,244.03095726050753,117.89351042497371,286.59907789166994,259.83308049167,109.99361017576727,135.7880251498203,246.83511087401843,287.0750052704234,121.14578261322104,97.7492046281176,128.2256150358853,66.76585496654535,95.60567043542817,185.2604924719056,554.1234065475358,81.33919125241566,252.96890724372642,227.316273366471,117.9582975307084,270.1230840682759,144.70083244050005,250.27471030032365,356.41507575027657,237.25168865394247,202.74866517006905,326.7634785461251,204.18897315118718,112.23922649013025,205.63792898816985,80.21807590871285,219.50466447244213,241.2087414214641,265.58071094369626,216.52832047871772,219.19777350902805,97.86686749886928,302.4406621675036,101.4685586581431,283.869006896119
sim 0_0_100000_1000_100000 - step_10000.csv,277.5572010081012,220.86577420349164,194.53828453570614,317.04436524175577,237.46052349656546,321.1284641981896,167.69114683760787,73.46533705456403,74.16085250875504,260.57633201559685,116.05113359431532,82.50940661416064,285.85832462190274,152.93017054416504,148.19753058461552,72.08147871936461,0.0,102.42325355121054,236.54124926688087,114.33713732809369,88.62525022115295,237.84541738644435,123.0617928502472,181.56720451898053,304.63624328656954,85.81058295801964,299.42891869387995,302.4201686196552,174.43734510229046,271.6763991130141,334.3048126986483,284.80625231035185,236.63746225426866,86.31735597050597,144.75861146426922,91.40619225317003,202.38302593799435,230.09466534702582,95.00485115597932,332.428309383729,345.93940375544935,76.54522621878914,273.4641689365642,305.12484467607544,293.7824739656465,170.40855587397454,312.0072784944855,105.21575155297876,262.4141165155427,107.0852980829063,267.93409533638356,295.25015584170893,73.25843755893159,242.81041393576214,221.27870359183163,78.41987755212345,243.4294295089609,245.8716580389299,222.33835306691807,220.0890080513866,255.92001809856353,270.27939281191186,132.6576064666106,271.2722211017168,250.54176572952954,121.4991252867218,137.91544358637663,241.40398702649264,313.8972994989767,111.69608774652868,87.71099097241314,118.80211607576888,68.33674373837898,103.93993959677626,206.2899843433811,569.3053959438918,85.7673193205084,242.93132550739443,249.95885902947617,117.69342394155065,265.583953129503,162.3216091489553,275.0501903659468,341.99942031403145,235.29496356567694,213.32971313477265,351.86653729810564,225.71282452568136,107.8460777105018,231.4309443080346,80.51197137757718,208.4783621519555,262.84278314233626,262.60612243822624,240.49860666089458,245.62962344461877,100.21762514144532,329.7179243051631,112.89141464280488,310.52097799241636
sim 0_0_1000000_100_10000 - step_10000.csv,304.4274577179658,266.6224987008682,219.47571860574163,352.02363605737327,187.53626409078745,357.4411782750412,207.89148473401335,118.11360982676271,83.1211102499936,291.4649537307027,70.40914486813463,88.68266132067578,321.2195139874169,201.47672611406563,189.74608072186928,109.34297796559792,102.42325355121054,0.0,255.99431175202784,161.31191299695033,84.18426501861468,268.29233422910465,169.2367319615981,133.4089687369952,334.51854225137623,84.38191542007883,328.1264019371212,330.46100989579577,127.9760206350783,303.02265681165187,362.3007381949637,313.2444350097205,185.2026043342604,119.77021644670253,185.20594768913713,137.21116284796358,152.47303456908006,179.1760592454605,76.48648772680258,285.2129680453952,366.4223594212312,117.5222213839717,313.0845597203729,340.71630559964836,322.79884090622915,116.27694305843346,339.02508245592514,75.72317396419889,290.7883147112652,68.88470486077678,295.8926293621849,326.8905344958176,114.11492005748528,282.65348210022296,254.60497359586347,116.83170378486732,196.82890155869404,286.56245007963264,242.3978517351268,248.3217859891952,203.4228201917296,300.33912562609515,171.54294816109746,221.79207094705717,196.28366480753687,155.912671542781,82.65035656623569,281.95868134572595,343.06237512424764,72.78231343877177,84.08587553121285,78.57303382033432,114.1564573083036,143.71697279997287,235.26615056236477,588.691866407796,134.21167086466767,191.29864364854092,272.50620890699093,162.15577255660784,309.2532299392684,200.76571815634549,298.722955732845,291.8458457740551,274.6585882080919,234.31308907077607,380.3014866860811,245.98263119311022,71.65399195823333,254.30769045388342,125.00855121064227,157.14749799469814,287.89686446376885,300.2465765377173,271.0672064012615,267.38826735380025,147.91708973569084,359.12052329416434,155.69667162385176,339.14100256937314
sim 0_0_100000_1000_10 - step_10000.csv,84.32856739015395,327.2016775019538,217.6368084475832,303.1449432231783,392.83792168239506,302.08806737106016,146.0660867235838,211.72306998528518,234.41050252911919,88.30365870279988,272.25476725097377,253.7582459774666,265.8814765839918,165.97739346569466,142.0694080093405,213.12442739085793,236.54124926688087,255.99431175202784,0.0,211.96014590185464,241.30941162599822,171.02728156041545,176.30526320350157,333.7739239817089,131.46799399900576,257.03285523718745,126.11417595957407,139.32442980526193,333.0365428856602,103.85737567784292,186.37528861523862,195.01027444311194,391.1444450253482,212.1639878340174,156.13106203771315,225.30778158560122,362.32920829568707,388.7649531342464,252.81432437215506,492.398271231825,253.06092859043733,229.71632513212165,250.07768413767243,287.10182289466275,257.12238064297685,278.45660118121157,145.07117881335637,238.78617659785206,107.90029716508897,267.6389942470319,103.65720011350544,122.65727700478276,223.08151657235416,316.2625553543797,181.2861118015445,216.47574117129977,405.0934880923248,329.38924124456366,53.41264472665006,206.18270807883655,405.6268265187472,96.08885413140574,166.2759659462143,430.6662277956591,392.7171803619657,156.9967857835439,272.4437182903047,362.5978872574902,139.2010002006052,255.08071447519717,249.26619700300213,285.4153481802319,232.307876843727,196.82196944617445,163.22346880925457,474.43905320159894,233.15159401628546,390.9584601274917,189.15240372748235,230.04790801286563,240.77335803367325,154.54385750878984,117.44536938404492,499.88248634534943,332.6154450163853,244.46487966966458,194.9115549732341,61.00969970939101,258.48850786085757,65.55618406660724,235.0211006621348,356.0980257613259,153.12074745259872,242.46571462480077,148.74271454670767,65.38897972471251,246.18298323524255,161.27545486453056,165.99051403384212,149.80396954956774
