7,A,141,76,0
12,A,142,76,0
12,A,143,76,0
12,A,125,77,0
37,A,126,77,0
6,A,127,77,0
12,A,128,77,0
38,A,129,77,0
5,A,130,77,0
24,A,131,77,0
38,A,132,77,0
23,A,133,77,0
3,A,134,77,0
38,A,135,77,0
38,A,136,77,0
12,A,137,77,0
12,A,138,77,0
5,A,139,77,0
5,A,140,77,0
7,A,141,77,0
6,A,142,77,0
6,A,143,77,0
6,A,144,77,0
38,A,145,77,0
6,A,146,77,0
7,A,147,77,0
37,A,148,77,0
5,A,149,77,0
5,A,150,77,0
3,A,151,77,0
37,A,123,78,0
3,A,124,78,0
3,A,125,78,0
6,A,126,78,0
6,A,127,78,0
38,A,128,78,0
12,A,129,78,0
24,A,130,78,0
5,A,131,78,0
12,A,132,78,0
24,A,133,78,0
24,A,134,78,0
24,A,135,78,0
23,A,136,78,0
38,A,137,78,0
38,A,138,78,0
5,A,139,78,0
23,A,140,78,0
23,A,141,78,0
6,A,142,78,0
37,A,143,78,0
7,A,144,78,0
7,A,145,78,0
23,A,146,78,0
6,A,147,78,0
37,A,148,78,0
6,A,149,78,0
5,A,150,78,0
24,A,151,78,0
23,A,152,78,0
6,A,153,78,0
23,A,121,79,0
37,A,122,79,0
12,A,123,79,0
3,A,124,79,0
12,A,125,79,0
3,A,126,79,0
3,A,127,79,0
3,A,128,79,0
38,A,129,79,0
23,A,130,79,0
38,A,131,79,0
38,A,132,79,0
12,A,133,79,0
12,A,134,79,0
23,A,135,79,0
23,A,136,79,0
38,A,137,79,0
12,A,138,79,0
7,A,139,79,0
5,A,140,79,0
23,A,141,79,0
37,A,142,79,0
7,A,143,79,0
38,A,144,79,0
7,A,145,79,0
23,A,146,79,0
37,A,147,79,0
6,A,148,79,0
6,A,149,79,0
7,A,150,79,0
24,A,151,79,0
24,A,152,79,0
24,A,153,79,0
6,A,154,79,0
12,A,155,79,0
9,B,119,80,0
23,A,120,80,0
24,A,121,80,0
24,A,122,80,0
37,A,123,80,0
6,A,124,80,0
6,A,125,80,0
37,A,126,80,0
23,A,127,80,0
24,A,128,80,0
6,A,129,80,0
37,A,130,80,0
37,A,131,80,0
5,A,132,80,0
37,A,133,80,0
24,A,134,80,0
3,A,135,80,0
38,A,136,80,0
37,A,137,80,0
38,A,138,80,0
7,A,139,80,0
3,A,140,80,0
38,A,141,80,0
3,A,142,80,0
37,A,143,80,0
24,A,144,80,0
12,A,145,80,0
3,A,146,80,0
5,A,147,80,0
5,A,148,80,0
6,A,149,80,0
7,A,150,80,0
7,A,151,80,0
3,A,152,80,0
24,A,153,80,0
5,A,154,80,0
38,A,155,80,0
12,A,156,80,0
18,A,102,81,0
18,A,103,81,0
20,A,104,81,0
20,A,105,81,0
18,A,106,81,0
8,A,107,81,0
1,A,108,81,0
20,A,109,81,0
21,A,110,81,0
21,A,111,81,0
21,A,112,81,0
49,B,114,81,0
2,B,115,81,0
35,B,116,81,0
35,B,117,81,0
2,B,118,81,0
35,B,119,81,0
37,A,120,81,0
23,A,121,81,0
23,A,122,81,0
23,A,123,81,0
6,A,124,81,0
6,A,125,81,0
23,A,126,81,0
23,A,127,81,0
6,A,128,81,0
37,A,129,81,0
12,A,130,81,0
5,A,131,81,0
37,A,132,81,0
37,A,133,81,0
7,A,134,81,0
7,A,135,81,0
38,A,136,81,0
37,A,137,81,0
12,A,138,81,0
5,A,139,81,0
23,A,140,81,0
3,A,141,81,0
5,A,142,81,0
3,A,143,81,0
3,A,144,81,0
24,A,145,81,0
38,A,146,81,0
3,A,147,81,0
23,A,148,81,0
23,A,149,81,0
38,A,150,81,0
3,A,151,81,0
24,A,152,81,0
24,A,153,81,0
23,A,154,81,0
5,A,155,81,0
6,A,156,81,0
12,A,157,81,0
10,A,100,82,0
21,A,101,82,0
21,A,102,82,0
18,A,103,82,0
20,A,104,82,0
20,A,105,82,0
18,A,106,82,0
8,A,107,82,0
1,A,108,82,0
20,A,109,82,0
10,A,110,82,0
20,A,111,82,0
21,A,112,82,0
49,B,113,82,0
49,B,114,82,0
4,B,115,82,0
35,B,116,82,0
49,B,117,82,0
49,B,118,82,0
35,B,119,82,0
2,B,120,82,0
37,A,121,82,0
23,A,122,82,0
23,A,123,82,0
7,A,124,82,0
24,A,125,82,0
24,A,126,82,0
6,A,127,82,0
37,A,128,82,0
12,A,129,82,0
5,A,130,82,0
6,A,131,82,0
7,A,132,82,0
23,A,133,82,0
37,A,134,82,0
5,A,135,82,0
7,A,136,82,0
3,A,137,82,0
5,A,138,82,0
6,A,139,82,0
38,A,140,82,0
38,A,141,82,0
5,A,142,82,0
37,A,143,82,0
23,A,144,82,0
38,A,145,82,0
24,A,146,82,0
24,A,147,82,0
38,A,148,82,0
24,A,149,82,0
3,A,150,82,0
3,A,151,82,0
6,A,152,82,0
7,A,153,82,0
24,A,154,82,0
6,A,155,82,0
6,A,156,82,0
38,A,157,82,0
23,A,158,82,0
18,A,98,83,0
10,A,99,83,0
18,A,100,83,0
20,A,101,83,0
20,A,102,83,0
21,A,103,83,0
18,A,104,83,0
8,A,105,83,0
32,A,106,83,0
58,A,107,83,0
18,A,108,83,0
18,A,109,83,0
10,A,110,83,0
20,A,111,83,0
1,A,112,83,0
19,B,113,83,0
22,B,114,83,0
22,B,115,83,0
4,B,116,83,0
9,B,117,83,0
49,B,118,83,0
2,B,119,83,0
22,B,120,83,0
37,A,121,83,0
24,A,122,83,0
7,A,123,83,0
37,A,124,83,0
37,A,125,83,0
3,A,126,83,0
7,A,127,83,0
5,A,128,83,0
37,A,129,83,0
6,A,130,83,0
7,A,131,83,0
37,A,132,83,0
23,A,133,83,0
5,A,134,83,0
7,A,135,83,0
23,A,136,83,0
23,A,137,83,0
23,A,138,83,0
38,A,139,83,0
38,A,140,83,0
7,A,141,83,0
5,A,142,83,0
23,A,143,83,0
37,A,144,83,0
7,A,145,83,0
24,A,146,83,0
3,A,147,83,0
38,A,148,83,0
3,A,149,83,0
23,A,150,83,0
3,A,151,83,0
7,A,152,83,0
38,A,153,83,0
3,A,154,83,0
5,A,155,83,0
38,A,156,83,0
38,A,157,83,0
52,B,158,83,0
14,B,159,83,0
66,B,160,83,0
21,A,96,84,0
32,A,97,84,0
32,A,98,84,0
21,A,99,84,0
20,A,100,84,0
8,A,101,84,0
10,A,102,84,0
10,A,103,84,0
10,A,104,84,0
32,A,105,84,0
31,A,106,84,0
1,A,107,84,0
18,A,108,84,0
10,A,109,84,0
1,A,110,84,0
1,A,111,84,0
2,B,112,84,0
11,B,113,84,0
4,B,114,84,0
22,B,115,84,0
19,B,116,84,0
4,B,117,84,0
49,B,118,84,0
2,B,119,84,0
4,B,120,84,0
9,B,121,84,0
24,A,122,84,0
24,A,123,84,0
7,A,124,84,0
37,A,125,84,0
3,A,126,84,0
3,A,127,84,0
7,A,128,84,0
5,A,129,84,0
12,A,130,84,0
12,A,131,84,0
7,A,132,84,0
5,A,133,84,0
6,A,134,84,0
7,A,135,84,0
7,A,136,84,0
12,A,137,84,0
5,A,138,84,0
23,A,139,84,0
5,A,140,84,0
12,A,141,84,0
12,A,142,84,0
5,A,143,84,0
37,A,144,84,0
24,A,145,84,0
5,A,146,84,0
5,A,147,84,0
3,A,148,84,0
23,A,149,84,0
23,A,150,84,0
23,A,151,84,0
24,A,152,84,0
38,A,153,84,0
5,A,154,84,0
7,A,155,84,0
38,A,156,84,0
28,B,157,84,0
52,B,158,84,0
13,B,159,84,0
15,B,160,84,0
66,B,161,84,0
8,A,94,85,0
8,A,95,85,0
8,A,96,85,0
44,A,97,85,0
1,A,98,85,0
32,A,99,85,0
20,A,100,85,0
8,A,101,85,0
18,A,102,85,0
1,A,103,85,0
32,A,104,85,0
1,A,105,85,0
58,A,106,85,0
58,A,107,85,0
10,A,108,85,0
58,A,109,85,0
8,A,110,85,0
1,A,111,85,0
22,B,112,85,0
2,B,113,85,0
4,B,114,85,0
19,B,115,85,0
36,B,116,85,0
49,B,117,85,0
49,B,118,85,0
22,B,119,85,0
35,B,120,85,0
35,B,121,85,0
19,B,122,85,0
24,A,123,85,0
6,A,124,85,0
6,A,125,85,0
7,A,126,85,0
7,A,127,85,0
3,A,128,85,0
24,A,129,85,0
24,A,130,85,0
12,A,131,85,0
38,A,132,85,0
12,A,133,85,0
12,A,134,85,0
6,A,135,85,0
5,A,136,85,0
5,A,137,85,0
3,A,138,85,0
3,A,139,85,0
5,A,140,85,0
38,A,141,85,0
12,A,142,85,0
12,A,143,85,0
7,A,144,85,0
5,A,145,85,0
5,A,146,85,0
5,A,147,85,0
24,A,148,85,0
7,A,149,85,0
7,A,150,85,0
38,A,151,85,0
23,A,152,85,0
24,A,153,85,0
6,A,154,85,0
6,A,155,85,0
28,B,156,85,0
39,B,157,85,0
52,B,158,85,0
15,B,159,85,0
66,B,160,85,0
15,B,161,85,0
26,B,162,85,0
52,B,163,85,0
20,A,92,86,0
1,A,93,86,0
18,A,94,86,0
10,A,95,86,0
10,A,96,86,0
1,A,97,86,0
1,A,98,86,0
21,A,99,86,0
8,A,100,86,0
1,A,101,86,0
18,A,102,86,0
32,A,103,86,0
1,A,104,86,0
21,A,105,86,0
21,A,106,86,0
10,A,107,86,0
32,A,108,86,0
21,A,109,86,0
58,A,110,86,0
21,A,111,86,0
22,B,112,86,0
22,B,113,86,0
9,B,114,86,0
36,B,115,86,0
11,B,116,86,0
49,B,117,86,0
19,B,118,86,0
22,B,119,86,0
35,B,120,86,0
19,B,121,86,0
9,B,122,86,0
23,A,123,86,0
12,A,124,86,0
38,A,125,86,0
38,A,126,86,0
37,A,127,86,0
3,A,128,86,0
37,A,129,86,0
23,A,130,86,0
6,A,131,86,0
38,A,132,86,0
12,A,133,86,0
12,A,134,86,0
23,A,135,86,0
23,A,136,86,0
23,A,137,86,0
3,A,138,86,0
3,A,139,86,0
38,A,140,86,0
24,A,141,86,0
12,A,142,86,0
7,A,143,86,0
7,A,144,86,0
3,A,145,86,0
3,A,146,86,0
3,A,147,86,0
38,A,148,86,0
6,A,149,86,0
6,A,150,86,0
7,A,151,86,0
38,A,152,86,0
24,A,153,86,0
24,A,154,86,0
16,B,155,86,0
39,B,156,86,0
26,B,157,86,0
40,B,158,86,0
52,B,159,86,0
40,B,160,86,0
26,B,161,86,0
26,B,162,86,0
15,B,163,86,0
15,B,164,86,0
20,A,90,87,0
1,A,91,87,0
1,A,92,87,0
1,A,93,87,0
18,A,94,87,0
21,A,95,87,0
21,A,96,87,0
21,A,97,87,0
21,A,98,87,0
8,A,99,87,0
58,A,100,87,0
21,A,101,87,0
1,A,102,87,0
58,A,103,87,0
58,A,104,87,0
8,A,105,87,0
10,A,106,87,0
21,A,107,87,0
58,A,108,87,0
32,A,109,87,0
21,A,110,87,0
36,B,111,87,0
4,B,112,87,0
9,B,113,87,0
2,B,114,87,0
49,B,115,87,0
36,B,116,87,0
4,B,117,87,0
36,B,118,87,0
2,B,119,87,0
2,B,120,87,0
11,B,121,87,0
11,B,122,87,0
22,B,123,87,0
23,A,124,87,0
12,A,125,87,0
6,A,126,87,0
6,A,127,87,0
5,A,128,87,0
7,A,129,87,0
23,A,130,87,0
23,A,131,87,0
37,A,132,87,0
37,A,133,87,0
7,A,134,87,0
5,A,135,87,0
38,A,136,87,0
7,A,137,87,0
7,A,138,87,0
7,A,139,87,0
24,A,140,87,0
3,A,141,87,0
5,A,142,87,0
38,A,143,87,0
38,A,144,87,0
38,A,145,87,0
3,A,146,87,0
3,A,147,87,0
12,A,148,87,0
23,A,149,87,0
6,A,150,87,0
6,A,151,87,0
6,A,152,87,0
25,B,153,87,0
13,B,154,87,0
16,B,155,87,0
52,B,156,87,0
26,B,157,87,0
66,B,158,87,0
28,B,159,87,0
13,B,160,87,0
14,B,161,87,0
66,B,162,87,0
52,B,163,87,0
25,B,164,87,0
25,B,165,87,0
67,A,166,87,0
41,A,167,87,0
41,A,168,87,0
17,A,169,87,0
67,A,170,87,0
56,A,171,87,0
67,A,172,87,0
41,A,173,87,0
57,A,89,88,0
57,A,90,88,0
20,A,91,88,0
1,A,92,88,0
18,A,93,88,0
20,A,94,88,0
21,A,95,88,0
58,A,96,88,0
18,A,97,88,0
32,A,98,88,0
18,A,99,88,0
58,A,100,88,0
58,A,101,88,0
8,A,102,88,0
44,A,103,88,0
58,A,104,88,0
58,A,105,88,0
20,A,106,88,0
10,A,107,88,0
58,A,108,88,0
58,A,109,88,0
21,A,110,88,0
22,B,111,88,0
9,B,112,88,0
49,B,113,88,0
45,B,114,88,0
49,B,115,88,0
49,B,116,88,0
11,B,117,88,0
2,B,118,88,0
9,B,119,88,0
62,B,120,88,0
62,B,121,88,0
11,B,122,88,0
22,B,123,88,0
24,A,124,88,0
12,A,125,88,0
12,A,126,88,0
6,A,127,88,0
7,A,128,88,0
5,A,129,88,0
3,A,130,88,0
12,A,131,88,0
5,A,132,88,0
23,A,133,88,0
3,A,134,88,0
5,A,135,88,0
5,A,136,88,0
6,A,137,88,0
38,A,138,88,0
37,A,139,88,0
7,A,140,88,0
5,A,141,88,0
12,A,142,88,0
12,A,143,88,0
6,A,144,88,0
37,A,145,88,0
37,A,146,88,0
6,A,147,88,0
37,A,148,88,0
23,A,149,88,0
12,A,150,88,0
23,A,151,88,0
39,B,152,88,0
39,B,153,88,0
13,B,154,88,0
52,B,155,88,0
16,B,156,88,0
16,B,157,88,0
39,B,158,88,0
14,B,159,88,0
14,B,160,88,0
13,B,161,88,0
66,B,162,88,0
52,B,163,88,0
28,B,164,88,0
14,B,165,88,0
29,A,166,88,0
41,A,167,88,0
67,A,168,88,0
67,A,169,88,0
29,A,170,88,0
67,A,171,88,0
17,A,172,88,0
17,A,173,88,0
17,A,174,88,0
17,A,175,88,0
10,A,88,89,0
57,A,89,89,0
20,A,90,89,0
31,A,91,89,0
8,A,92,89,0
31,A,93,89,0
31,A,94,89,0
20,A,95,89,0
1,A,96,89,0
21,A,97,89,0
18,A,98,89,0
32,A,99,89,0
20,A,100,89,0
57,A,101,89,0
8,A,102,89,0
44,A,103,89,0
44,A,104,89,0
1,A,105,89,0
18,A,106,89,0
20,A,107,89,0
8,A,108,89,0
58,A,109,89,0
22,B,110,89,0
35,B,111,89,0
4,B,112,89,0
45,B,113,89,0
35,B,114,89,0
2,B,115,89,0
11,B,116,89,0
11,B,117,89,0
19,B,118,89,0
49,B,119,89,0
11,B,120,89,0
62,B,121,89,0
2,B,122,89,0
33,B,123,89,0
2,B,124,89,0
12,A,125,89,0
3,A,126,89,0
7,A,127,89,0
24,A,128,89,0
24,A,129,89,0
12,A,130,89,0
3,A,131,89,0
5,A,132,89,0
3,A,133,89,0
24,A,134,89,0
23,A,135,89,0
23,A,136,89,0
38,A,137,89,0
12,A,138,89,0
37,A,139,89,0
37,A,140,89,0
3,A,141,89,0
6,A,142,89,0
6,A,143,89,0
12,A,144,89,0
12,A,145,89,0
12,A,146,89,0
6,A,147,89,0
6,A,148,89,0
12,A,149,89,0
23,A,150,89,0
28,B,151,89,0
28,B,152,89,0
39,B,153,89,0
26,B,154,89,0
40,B,155,89,0
40,B,156,89,0
39,B,157,89,0
39,B,158,89,0
28,B,159,89,0
39,B,160,89,0
13,B,161,89,0
52,B,162,89,0
39,B,163,89,0
15,B,164,89,0
14,B,165,89,0
29,A,166,89,0
42,A,167,89,0
41,A,168,89,0
29,A,169,89,0
53,A,170,89,0
56,A,171,89,0
69,A,172,89,0
29,A,173,89,0
17,A,174,89,0
29,A,175,89,0
29,A,176,89,0
31,A,86,90,0
57,A,87,90,0
10,A,88,90,0
10,A,89,90,0
58,A,90,90,0
20,A,91,90,0
18,A,92,90,0
20,A,93,90,0
20,A,94,90,0
1,A,95,90,0
20,A,96,90,0
44,A,97,90,0
18,A,98,90,0
58,A,99,90,0
1,A,100,90,0
20,A,101,90,0
10,A,102,90,0
1,A,103,90,0
1,A,104,90,0
44,A,105,90,0
58,A,106,90,0
20,A,107,90,0
20,A,108,90,0
36,B,109,90,0
35,B,110,90,0
49,B,111,90,0
45,B,112,90,0
4,B,113,90,0
35,B,114,90,0
2,B,115,90,0
19,B,116,90,0
11,B,117,90,0
49,B,118,90,0
49,B,119,90,0
9,B,120,90,0
9,B,121,90,0
62,B,122,90,0
22,B,123,90,0
2,B,124,90,0
3,A,125,90,0
7,A,126,90,0
24,A,127,90,0
3,A,128,90,0
3,A,129,90,0
24,A,130,90,0
37,A,131,90,0
3,A,132,90,0
5,A,133,90,0
6,A,134,90,0
24,A,135,90,0
37,A,136,90,0
7,A,137,90,0
12,A,138,90,0
37,A,139,90,0
38,A,140,90,0
3,A,141,90,0
5,A,142,90,0
5,A,143,90,0
37,A,144,90,0
12,A,145,90,0
38,A,146,90,0
3,A,147,90,0
37,A,148,90,0
6,A,149,90,0
15,B,150,90,0
28,B,151,90,0
15,B,152,90,0
26,B,153,90,0
66,B,154,90,0
40,B,155,90,0
40,B,156,90,0
39,B,157,90,0
13,B,158,90,0
28,B,159,90,0
66,B,160,90,0
39,B,161,90,0
39,B,162,90,0
13,B,163,90,0
52,B,164,90,0
14,B,165,90,0
67,A,166,90,0
27,A,167,90,0
42,A,168,90,0
42,A,169,90,0
53,A,170,90,0
67,A,171,90,0
29,A,172,90,0
69,A,173,90,0
27,A,174,90,0
27,A,175,90,0
54,A,176,90,0
17,A,177,90,0
31,A,85,91,0
31,A,86,91,0
10,A,87,91,0
32,A,88,91,0
31,A,89,91,0
32,A,90,91,0
1,A,91,91,0
57,A,92,91,0
57,A,93,91,0
20,A,94,91,0
31,A,95,91,0
44,A,96,91,0
44,A,97,91,0
31,A,98,91,0
58,A,99,91,0
58,A,100,91,0
57,A,101,91,0
1,A,102,91,0
1,A,103,91,0
20,A,104,91,0
58,A,105,91,0
8,A,106,91,0
58,A,107,91,0
20,A,108,91,0
9,B,109,91,0
36,B,110,91,0
49,B,111,91,0
49,B,112,91,0
35,B,113,91,0
4,B,114,91,0
4,B,115,91,0
36,B,116,91,0
22,B,117,91,0
4,B,118,91,0
4,B,119,91,0
4,B,120,91,0
9,B,121,91,0
22,B,122,91,0
62,B,123,91,0
62,B,124,91,0
34,B,125,91,0
22,B,126,91,0
37,A,127,91,0
37,A,128,91,0
12,A,129,91,0
5,A,130,91,0
12,A,131,91,0
37,A,132,91,0
3,A,133,91,0
6,A,134,91,0
6,A,135,91,0
37,A,136,91,0
38,A,137,91,0
6,A,138,91,0
37,A,139,91,0
7,A,140,91,0
7,A,141,91,0
5,A,142,91,0
5,A,143,91,0
37,A,144,91,0
24,A,145,91,0
24,A,146,91,0
3,A,147,91,0
26,B,148,91,0
15,B,149,91,0
39,B,150,91,0
14,B,151,91,0
16,B,152,91,0
26,B,153,91,0
16,B,154,91,0
52,B,155,91,0
52,B,156,91,0
16,B,157,91,0
13,B,158,91,0
14,B,159,91,0
26,B,160,91,0
26,B,161,91,0
25,B,162,91,0
25,B,163,91,0
13,B,164,91,0
13,B,165,91,0
27,A,166,91,0
27,A,167,91,0
27,A,168,91,0
29,A,169,91,0
54,A,170,91,0
27,A,171,91,0
67,A,172,91,0
69,A,173,91,0
27,A,174,91,0
54,A,175,91,0
41,A,176,91,0
41,A,177,91,0
41,A,178,91,0
31,A,84,92,0
1,A,85,92,0
44,A,86,92,0
57,A,87,92,0
31,A,88,92,0
32,A,89,92,0
58,A,90,92,0
1,A,91,92,0
31,A,92,92,0
57,A,93,92,0
57,A,94,92,0
8,A,95,92,0
1,A,96,92,0
21,A,97,92,0
21,A,98,92,0
32,A,99,92,0
32,A,100,92,0
31,A,101,92,0
57,A,102,92,0
20,A,103,92,0
18,A,104,92,0
8,A,105,92,0
8,A,106,92,0
20,A,107,92,0
11,B,108,92,0
9,B,109,92,0
19,B,110,92,0
19,B,111,92,0
49,B,112,92,0
36,B,113,92,0
35,B,114,92,0
4,B,115,92,0
50,B,116,92,0
50,B,117,92,0
22,B,118,92,0
4,B,119,92,0
19,B,120,92,0
34,B,121,92,0
2,B,122,92,0
2,B,123,92,0
36,B,124,92,0
22,B,125,92,0
36,B,126,92,0
34,B,127,92,0
24,A,128,92,0
24,A,129,92,0
12,A,130,92,0
23,A,131,92,0
23,A,132,92,0
7,A,133,92,0
5,A,134,92,0
38,A,135,92,0
38,A,136,92,0
38,A,137,92,0
38,A,138,92,0
37,A,139,92,0
7,A,140,92,0
12,A,141,92,0
24,A,142,92,0
37,A,143,92,0
12,A,144,92,0
24,A,145,92,0
15,B,146,92,0
26,B,147,92,0
15,B,148,92,0
16,B,149,92,0
16,B,150,92,0
14,B,151,92,0
25,B,152,92,0
28,B,153,92,0
28,B,154,92,0
52,B,155,92,0
15,B,156,92,0
16,B,157,92,0
14,B,158,92,0
39,B,159,92,0
26,B,160,92,0
15,B,161,92,0
15,B,162,92,0
26,B,163,92,0
13,B,164,92,0
39,B,165,92,0
54,A,166,92,0
27,A,167,92,0
56,A,168,92,0
56,A,169,92,0
54,A,170,92,0
17,A,171,92,0
53,A,172,92,0
42,A,173,92,0
29,A,174,92,0
29,A,175,92,0
42,A,176,92,0
42,A,177,92,0
17,A,178,92,0
17,A,179,92,0
44,A,83,93,0
1,A,84,93,0
44,A,85,93,0
20,A,86,93,0
31,A,87,93,0
57,A,88,93,0
44,A,89,93,0
32,A,90,93,0
8,A,91,93,0
58,A,92,93,0
31,A,93,93,0
8,A,94,93,0
21,A,95,93,0
57,A,96,93,0
57,A,97,93,0
32,A,98,93,0
32,A,99,93,0
32,A,100,93,0
31,A,101,93,0
44,A,102,93,0
57,A,103,93,0
18,A,104,93,0
18,A,105,93,0
20,A,106,93,0
20,A,107,93,0
35,B,108,93,0
35,B,109,93,0
35,B,110,93,0
45,B,111,93,0
36,B,112,93,0
36,B,113,93,0
36,B,114,93,0
2,B,115,93,0
49,B,116,93,0
22,B,117,93,0
49,B,118,93,0
49,B,119,93,0
36,B,120,93,0
19,B,121,93,0
33,B,122,93,0
36,B,123,93,0
2,B,124,93,0
33,B,125,93,0
36,B,126,93,0
49,B,127,93,0
49,B,128,93,0
24,A,129,93,0
3,A,130,93,0
37,A,131,93,0
37,A,132,93,0
7,A,133,93,0
3,A,134,93,0
38,A,135,93,0
38,A,136,93,0
37,A,137,93,0
6,A,138,93,0
6,A,139,93,0
24,A,140,93,0
24,A,141,93,0
12,A,142,93,0
7,A,143,93,0
38,A,144,93,0
66,B,145,93,0
26,B,146,93,0
15,B,147,93,0
25,B,148,93,0
16,B,149,93,0
40,B,150,93,0
40,B,151,93,0
13,B,152,93,0
52,B,153,93,0
66,B,154,93,0
39,B,155,93,0
15,B,156,93,0
51,B,157,93,0
51,B,158,93,0
25,B,159,93,0
28,B,160,93,0
28,B,161,93,0
13,B,162,93,0
52,B,163,93,0
39,B,164,93,0
14,B,165,93,0
67,A,166,93,0
54,A,167,93,0
56,A,168,93,0
56,A,169,93,0
41,A,170,93,0
17,A,171,93,0
53,A,172,93,0
54,A,173,93,0
27,A,174,93,0
27,A,175,93,0
42,A,176,93,0
41,A,177,93,0
67,A,178,93,0
67,A,179,93,0
31,A,83,94,0
1,A,84,94,0
44,A,85,94,0
31,A,86,94,0
57,A,87,94,0
21,A,88,94,0
44,A,89,94,0
32,A,90,94,0
10,A,91,94,0
1,A,92,94,0
57,A,93,94,0
21,A,94,94,0
21,A,95,94,0
57,A,96,94,0
57,A,97,94,0
31,A,98,94,0
10,A,99,94,0
10,A,100,94,0
57,A,101,94,0
8,A,102,94,0
10,A,103,94,0
8,A,104,94,0
8,A,105,94,0
57,A,106,94,0
9,B,107,94,0
9,B,108,94,0
35,B,109,94,0
49,B,110,94,0
45,B,111,94,0
45,B,112,94,0
19,B,113,94,0
2,B,114,94,0
34,B,115,94,0
9,B,116,94,0
4,B,117,94,0
50,B,118,94,0
35,B,119,94,0
36,B,120,94,0
4,B,121,94,0
62,B,122,94,0
9,B,123,94,0
9,B,124,94,0
2,B,125,94,0
51,B,126,94,0
49,B,127,94,0
79,B,128,94,0
23,A,129,94,0
37,A,130,94,0
3,A,131,94,0
7,A,132,94,0
5,A,133,94,0
3,A,134,94,0
24,A,135,94,0
6,A,136,94,0
38,A,137,94,0
38,A,138,94,0
38,A,139,94,0
6,A,140,94,0
12,A,141,94,0
12,A,142,94,0
25,B,143,94,0
16,B,144,94,0
66,B,145,94,0
16,B,146,94,0
25,B,147,94,0
39,B,148,94,0
39,B,149,94,0
40,B,150,94,0
16,B,151,94,0
13,B,152,94,0
13,B,153,94,0
66,B,154,94,0
66,B,155,94,0
16,B,156,94,0
51,B,157,94,0
40,B,158,94,0
25,B,159,94,0
13,B,160,94,0
28,B,161,94,0
13,B,162,94,0
52,B,163,94,0
15,B,164,94,0
15,B,165,94,0
17,A,166,94,0
17,A,167,94,0
54,A,168,94,0
54,A,169,94,0
67,A,170,94,0
41,A,171,94,0
42,A,172,94,0
42,A,173,94,0
17,A,174,94,0
54,A,175,94,0
54,A,176,94,0
67,A,177,94,0
41,A,178,94,0
53,A,179,94,0
54,A,180,94,0
31,A,82,95,0
44,A,83,95,0
44,A,84,95,0
1,A,85,95,0
20,A,86,95,0
21,A,87,95,0
1,A,88,95,0
44,A,89,95,0
10,A,90,95,0
10,A,91,95,0
58,A,92,95,0
1,A,93,95,0
10,A,94,95,0
10,A,95,95,0
31,A,96,95,0
31,A,97,95,0
44,A,98,95,0
44,A,99,95,0
57,A,100,95,0
21,A,101,95,0
57,A,102,95,0
44,A,103,95,0
10,A,104,95,0
57,A,105,95,0
35,B,106,95,0
33,B,107,95,0
11,B,108,95,0
36,B,109,95,0
36,B,110,95,0
62,B,111,95,0
33,B,112,95,0
50,B,113,95,0
11,B,114,95,0
45,B,115,95,0
45,B,116,95,0
36,B,117,95,0
19,B,118,95,0
45,B,119,95,0
51,B,120,95,0
51,B,121,95,0
62,B,122,95,0
11,B,123,95,0
11,B,124,95,0
62,B,125,95,0
11,B,126,95,0
51,B,127,95,0
51,B,128,95,0
51,B,129,95,0
33,B,130,95,0
7,A,131,95,0
7,A,132,95,0
5,A,133,95,0
24,A,134,95,0
12,A,135,95,0
6,A,136,95,0
24,A,137,95,0
3,A,138,95,0
3,A,139,95,0
5,A,140,95,0
39,B,141,95,0
39,B,142,95,0
52,B,143,95,0
15,B,144,95,0
15,B,145,95,0
26,B,146,95,0
16,B,147,95,0
28,B,148,95,0
28,B,149,95,0
25,B,150,95,0
13,B,151,95,0
26,B,152,95,0
16,B,153,95,0
15,B,154,95,0
16,B,155,95,0
52,B,156,95,0
26,B,157,95,0
40,B,158,95,0
52,B,159,95,0
52,B,160,95,0
26,B,161,95,0
40,B,162,95,0
13,B,163,95,0
39,B,164,95,0
67,A,165,95,0
42,A,166,95,0
29,A,167,95,0
41,A,168,95,0
67,A,169,95,0
53,A,170,95,0
29,A,171,95,0
67,A,172,95,0
67,A,173,95,0
17,A,174,95,0
53,A,175,95,0
69,A,176,95,0
69,A,177,95,0
53,A,178,95,0
17,A,179,95,0
54,A,180,95,0
44,A,82,96,0
44,A,83,96,0
1,A,84,96,0
20,A,85,96,0
20,A,86,96,0
1,A,87,96,0
1,A,88,96,0
10,A,89,96,0
10,A,90,96,0
31,A,91,96,0
31,A,92,96,0
10,A,93,96,0
10,A,94,96,0
10,A,95,96,0
58,A,96,96,0
31,A,97,96,0
21,A,98,96,0
21,A,99,96,0
32,A,100,96,0
10,A,101,96,0
18,A,102,96,0
44,A,103,96,0
10,A,104,96,0
10,A,105,96,0
35,B,106,96,0
11,B,107,96,0
33,B,108,96,0
9,B,109,96,0
62,B,110,96,0
33,B,111,96,0
49,B,112,96,0
2,B,113,96,0
2,B,114,96,0
34,B,115,96,0
36,B,116,96,0
9,B,117,96,0
45,B,118,96,0
4,B,119,96,0
49,B,120,96,0
9,B,121,96,0
9,B,122,96,0
35,B,123,96,0
62,B,124,96,0
11,B,125,96,0
50,B,126,96,0
36,B,127,96,0
33,B,128,96,0
33,B,129,96,0
90,B,130,96,0
62,B,131,96,0
79,B,132,96,0
3,A,133,96,0
12,A,134,96,0
5,A,135,96,0
39,B,136,96,0
25,B,137,96,0
25,B,138,96,0
52,B,139,96,0
66,B,140,96,0
25,B,141,96,0
13,B,142,96,0
14,B,143,96,0
15,B,144,96,0
39,B,145,96,0
39,B,146,96,0
66,B,147,96,0
66,B,148,96,0
25,B,149,96,0
40,B,150,96,0
25,B,151,96,0
26,B,152,96,0
66,B,153,96,0
16,B,154,96,0
15,B,155,96,0
25,B,156,96,0
26,B,157,96,0
13,B,158,96,0
40,B,159,96,0
52,B,160,96,0
16,B,161,96,0
26,B,162,96,0
39,B,163,96,0
14,B,164,96,0
41,A,165,96,0
41,A,166,96,0
17,A,167,96,0
27,A,168,96,0
53,A,169,96,0
29,A,170,96,0
29,A,171,96,0
67,A,172,96,0
67,A,173,96,0
53,A,174,96,0
42,A,175,96,0
69,A,176,96,0
53,A,177,96,0
54,A,178,96,0
54,A,179,96,0
67,A,180,96,0
54,A,181,96,0
44,A,81,97,0
57,A,82,97,0
21,A,83,97,0
21,A,84,97,0
10,A,85,97,0
44,A,86,97,0
31,A,87,97,0
31,A,88,97,0
44,A,89,97,0
21,A,90,97,0
8,A,91,97,0
31,A,92,97,0
18,A,93,97,0
58,A,94,97,0
58,A,95,97,0
10,A,96,97,0
31,A,97,97,0
21,A,98,97,0
57,A,99,97,0
44,A,100,97,0
32,A,101,97,0
18,A,102,97,0
44,A,103,97,0
44,A,104,97,0
11,B,105,97,0
9,B,106,97,0
11,B,107,97,0
45,B,108,97,0
62,B,109,97,0
62,B,110,97,0
35,B,111,97,0
4,B,112,97,0
45,B,113,97,0
11,B,114,97,0
33,B,115,97,0
9,B,116,97,0
9,B,117,97,0
34,B,118,97,0
50,B,119,97,0
50,B,120,97,0
9,B,121,97,0
36,B,122,97,0
34,B,123,97,0
34,B,124,97,0
36,B,125,97,0
36,B,126,97,0
50,B,127,97,0
11,B,128,97,0
33,B,129,97,0
90,B,130,97,0
79,B,131,97,0
62,B,132,97,0
16,B,133,97,0
16,B,134,97,0
14,B,135,97,0
39,B,136,97,0
39,B,137,97,0
14,B,138,97,0
52,B,139,97,0
52,B,140,97,0
25,B,141,97,0
13,B,142,97,0
13,B,143,97,0
26,B,144,97,0
26,B,145,97,0
39,B,146,97,0
66,B,147,97,0
26,B,148,97,0
26,B,149,97,0
16,B,150,97,0
40,B,151,97,0
66,B,152,97,0
28,B,153,97,0
66,B,154,97,0
15,B,155,97,0
28,B,156,97,0
25,B,157,97,0
51,B,158,97,0
51,B,159,97,0
52,B,160,97,0
16,B,161,97,0
14,B,162,97,0
28,B,163,97,0
53,A,164,97,0
81,A,165,97,0
41,A,166,97,0
17,A,167,97,0
27,A,168,97,0
41,A,169,97,0
42,A,170,97,0
81,A,171,97,0
81,A,172,97,0
81,A,173,97,0
54,A,174,97,0
67,A,175,97,0
42,A,176,97,0
53,A,177,97,0
54,A,178,97,0
17,A,179,97,0
17,A,180,97,0
29,A,181,97,0
43,B,81,98,0
1,A,82,98,0
57,A,83,98,0
31,A,84,98,0
57,A,85,98,0
10,A,86,98,0
31,A,87,98,0
20,A,88,98,0
20,A,89,98,0
32,A,90,98,0
57,A,91,98,0
31,A,92,98,0
10,A,93,98,0
1,A,94,98,0
1,A,95,98,0
44,A,96,98,0
32,A,97,98,0
32,A,98,98,0
32,A,99,98,0
57,A,100,98,0
18,A,101,98,0
18,A,102,98,0
21,A,103,98,0
4,B,104,98,0
45,B,105,98,0
50,B,106,98,0
50,B,107,98,0
2,B,108,98,0
4,B,109,98,0
19,B,110,98,0
45,B,111,98,0
45,B,112,98,0
62,B,113,98,0
33,B,114,98,0
50,B,115,98,0
4,B,116,98,0
34,B,117,98,0
34,B,118,98,0
49,B,119,98,0
62,B,120,98,0
2,B,121,98,0
36,B,122,98,0
4,B,123,98,0
35,B,124,98,0
19,B,125,98,0
90,B,126,98,0
22,B,127,98,0
22,B,128,98,0
19,B,129,98,0
33,B,130,98,0
90,B,131,98,0
62,B,132,98,0
16,B,133,98,0
22,B,134,98,0
14,B,135,98,0
63,B,136,98,0
62,B,137,98,0
62,B,138,98,0
14,B,139,98,0
39,B,140,98,0
40,B,141,98,0
14,B,142,98,0
14,B,143,98,0
66,B,144,98,0
40,B,145,98,0
40,B,146,98,0
52,B,147,98,0
15,B,148,98,0
16,B,149,98,0
40,B,150,98,0
39,B,151,98,0
39,B,152,98,0
39,B,153,98,0
16,B,154,98,0
66,B,155,98,0
25,B,156,98,0
28,B,157,98,0
16,B,158,98,0
51,B,159,98,0
52,B,160,98,0
39,B,161,98,0
13,B,162,98,0
28,B,163,98,0
81,A,164,98,0
29,A,165,98,0
27,A,166,98,0
27,A,167,98,0
29,A,168,98,0
67,A,169,98,0
54,A,170,98,0
54,A,171,98,0
81,A,172,98,0
56,A,173,98,0
17,A,174,98,0
67,A,175,98,0
27,A,176,98,0
41,A,177,98,0
27,A,178,98,0
27,A,179,98,0
53,A,180,98,0
29,A,181,98,0
29,A,182,98,0
30,B,80,99,0
43,B,81,99,0
43,B,82,99,0
1,A,83,99,0
57,A,84,99,0
31,A,85,99,0
57,A,86,99,0
57,A,87,99,0
32,A,88,99,0
20,A,89,99,0
20,A,90,99,0
57,A,91,99,0
21,A,92,99,0
21,A,93,99,0
1,A,94,99,0
44,A,95,99,0
58,A,96,99,0
58,A,97,99,0
57,A,98,99,0
31,A,99,99,0
21,A,100,99,0
57,A,101,99,0
21,A,102,99,0
35,B,103,99,0
4,B,104,99,0
9,B,105,99,0
33,B,106,99,0
50,B,107,99,0
4,B,108,99,0
2,B,109,99,0
45,B,110,99,0
19,B,111,99,0
62,B,112,99,0
73,B,113,99,0
62,B,114,99,0
4,B,115,99,0
50,B,116,99,0
33,B,117,99,0
33,B,118,99,0
36,B,119,99,0
49,B,120,99,0
34,B,121,99,0
2,B,122,99,0
49,B,123,99,0
4,B,124,99,0
19,B,125,99,0
2,B,126,99,0
90,B,127,99,0
51,B,128,99,0
62,B,129,99,0
90,B,130,99,0
11,B,131,99,0
50,B,132,99,0
62,B,133,99,0
13,B,134,99,0
13,B,135,99,0
62,B,136,99,0
66,B,137,99,0
16,B,138,99,0
40,B,139,99,0
26,B,140,99,0
16,B,141,99,0
40,B,142,99,0
26,B,143,99,0
66,B,144,99,0
66,B,145,99,0
39,B,146,99,0
52,B,147,99,0
13,B,148,99,0
28,B,149,99,0
25,B,150,99,0
14,B,151,99,0
16,B,152,99,0
16,B,153,99,0
16,B,154,99,0
16,B,155,99,0
66,B,156,99,0
52,B,157,99,0
50,B,158,99,0
50,B,159,99,0
51,B,160,99,0
25,B,161,99,0
26,B,162,99,0
52,B,163,99,0
54,A,164,99,0
53,A,165,99,0
27,A,166,99,0
67,A,167,99,0
67,A,168,99,0
29,A,169,99,0
27,A,170,99,0
53,A,171,99,0
56,A,172,99,0
53,A,173,99,0
41,A,174,99,0
81,A,175,99,0
41,A,176,99,0
42,A,177,99,0
42,A,178,99,0
54,A,179,99,0
53,A,180,99,0
54,A,181,99,0
54,A,182,99,0
30,B,79,100,0
30,B,80,100,0
43,B,81,100,0
30,B,82,100,0
30,B,83,100,0
1,A,84,100,0
1,A,85,100,0
57,A,86,100,0
57,A,87,100,0
57,A,88,100,0
31,A,89,100,0
10,A,90,100,0
44,A,91,100,0
21,A,92,100,0
21,A,93,100,0
1,A,94,100,0
10,A,95,100,0
58,A,96,100,0
1,A,97,100,0
10,A,98,100,0
57,A,99,100,0
10,A,100,100,0
21,A,101,100,0
9,B,102,100,0
4,B,103,100,0
35,B,104,100,0
9,B,105,100,0
4,B,106,100,0
2,B,107,100,0
2,B,108,100,0
22,B,109,100,0
33,B,110,100,0
4,B,111,100,0
73,B,112,100,0
2,B,113,100,0
33,B,114,100,0
45,B,115,100,0
33,B,116,100,0
50,B,117,100,0
4,B,118,100,0
9,B,119,100,0
2,B,120,100,0
49,B,121,100,0
49,B,122,100,0
2,B,123,100,0
19,B,124,100,0
2,B,125,100,0
50,B,126,100,0
4,B,127,100,0
19,B,128,100,0
62,B,129,100,0
14,B,130,100,0
36,B,131,100,0
11,B,132,100,0
63,B,133,100,0
79,B,134,100,0
79,B,135,100,0
16,B,136,100,0
16,B,137,100,0
40,B,138,100,0
26,B,139,100,0
26,B,140,100,0
16,B,141,100,0
16,B,142,100,0
13,B,143,100,0
26,B,144,100,0
39,B,145,100,0
66,B,146,100,0
25,B,147,100,0
25,B,148,100,0
39,B,149,100,0
28,B,150,100,0
14,B,151,100,0
26,B,152,100,0
40,B,153,100,0
25,B,154,100,0
25,B,155,100,0
52,B,156,100,0
51,B,157,100,0
13,B,158,100,0
50,B,159,100,0
16,B,160,100,0
51,B,161,100,0
26,B,162,100,0
67,A,163,100,0
41,A,164,100,0
27,A,165,100,0
29,A,166,100,0
29,A,167,100,0
53,A,168,100,0
56,A,169,100,0
56,A,170,100,0
17,A,171,100,0
53,A,172,100,0
41,A,173,100,0
42,A,174,100,0
42,A,175,100,0
54,A,176,100,0
56,A,177,100,0
54,A,178,100,0
53,A,179,100,0
54,A,180,100,0
27,A,181,100,0
41,A,182,100,0
56,A,183,100,0
30,B,79,101,0
30,B,80,101,0
43,B,81,101,0
30,B,82,101,0
30,B,83,101,0
57,A,84,101,0
31,A,85,101,0
44,A,86,101,0
44,A,87,101,0
21,A,88,101,0
57,A,89,101,0
18,A,90,101,0
10,A,91,101,0
44,A,92,101,0
1,A,93,101,0
10,A,94,101,0
10,A,95,101,0
57,A,96,101,0
44,A,97,101,0
44,A,98,101,0
10,A,99,101,0
31,A,100,101,0
31,A,101,101,0
9,B,102,101,0
2,B,103,101,0
45,B,104,101,0
9,B,105,101,0
4,B,106,101,0
2,B,107,101,0
9,B,108,101,0
73,B,109,101,0
73,B,110,101,0
35,B,111,101,0
62,B,112,101,0
33,B,113,101,0
2,B,114,101,0
22,B,115,101,0
22,B,116,101,0
34,B,117,101,0
9,B,118,101,0
33,B,119,101,0
33,B,120,101,0
49,B,121,101,0
36,B,122,101,0
45,B,123,101,0
4,B,124,101,0
50,B,125,101,0
11,B,126,101,0
50,B,127,101,0
4,B,128,101,0
51,B,129,101,0
14,B,130,101,0
36,B,131,101,0
2,B,132,101,0
2,B,133,101,0
63,B,134,101,0
14,B,135,101,0
14,B,136,101,0
50,B,137,101,0
16,B,138,101,0
66,B,139,101,0
14,B,140,101,0
52,B,141,101,0
52,B,142,101,0
13,B,143,101,0
15,B,144,101,0
40,B,145,101,0
15,B,146,101,0
15,B,147,101,0
25,B,148,101,0
52,B,149,101,0
14,B,150,101,0
26,B,151,101,0
40,B,152,101,0
40,B,153,101,0
52,B,154,101,0
15,B,155,101,0
66,B,156,101,0
28,B,157,101,0
16,B,158,101,0
25,B,159,101,0
28,B,160,101,0
26,B,161,101,0
28,B,162,101,0
67,A,163,101,0
41,A,164,101,0
41,A,165,101,0
29,A,166,101,0
53,A,167,101,0
27,A,168,101,0
54,A,169,101,0
67,A,170,101,0
17,A,171,101,0
41,A,172,101,0
27,A,173,101,0
42,A,174,101,0
67,A,175,101,0
56,A,176,101,0
54,A,177,101,0
69,A,178,101,0
69,A,179,101,0
56,A,180,101,0
56,A,181,101,0
41,A,182,101,0
41,A,183,101,0
30,B,78,102,0
30,B,79,102,0
43,B,80,102,0
43,B,81,102,0
30,B,82,102,0
43,B,83,102,0
43,B,84,102,0
44,A,85,102,0
44,A,86,102,0
10,A,87,102,0
10,A,88,102,0
21,A,89,102,0
20,A,90,102,0
44,A,91,102,0
8,A,92,102,0
32,A,93,102,0
32,A,94,102,0
44,A,95,102,0
57,A,96,102,0
44,A,97,102,0
32,A,98,102,0
21,A,99,102,0
21,A,100,102,0
44,A,101,102,0
33,B,102,102,0
19,B,103,102,0
2,B,104,102,0
45,B,105,102,0
62,B,106,102,0
9,B,107,102,0
34,B,108,102,0
73,B,109,102,0
34,B,110,102,0
35,B,111,102,0
62,B,112,102,0
62,B,113,102,0
35,B,114,102,0
35,B,115,102,0
9,B,116,102,0
35,B,117,102,0
34,B,118,102,0
33,B,119,102,0
59,B,120,102,0
62,B,121,102,0
50,B,122,102,0
45,B,123,102,0
63,B,124,102,0
49,B,125,102,0
11,B,126,102,0
11,B,127,102,0
4,B,128,102,0
22,B,129,102,0
49,B,130,102,0
14,B,131,102,0
62,B,132,102,0
50,B,133,102,0
4,B,134,102,0
62,B,135,102,0
62,B,136,102,0
39,B,137,102,0
50,B,138,102,0
14,B,139,102,0
66,B,140,102,0
13,B,141,102,0
15,B,142,102,0
39,B,143,102,0
40,B,144,102,0
28,B,145,102,0
26,B,146,102,0
26,B,147,102,0
28,B,148,102,0
25,B,149,102,0
26,B,150,102,0
26,B,151,102,0
51,B,152,102,0
51,B,153,102,0
40,B,154,102,0
15,B,155,102,0
28,B,156,102,0
26,B,157,102,0
25,B,158,102,0
25,B,159,102,0
26,B,160,102,0
28,B,161,102,0
28,B,162,102,0
54,A,163,102,0
54,A,164,102,0
29,A,165,102,0
53,A,166,102,0
53,A,167,102,0
54,A,168,102,0
29,A,169,102,0
42,A,170,102,0
81,A,171,102,0
81,A,172,102,0
27,A,173,102,0
54,A,174,102,0
41,A,175,102,0
54,A,176,102,0
53,A,177,102,0
69,A,178,102,0
69,A,179,102,0
56,A,180,102,0
41,A,181,102,0
41,A,182,102,0
67,A,183,102,0
41,A,184,102,0
43,B,78,103,0
43,B,79,103,0
43,B,80,103,0
43,B,81,103,0
43,B,82,103,0
30,B,83,103,0
43,B,84,103,0
43,B,85,103,0
10,A,86,103,0
1,A,87,103,0
21,A,88,103,0
58,A,89,103,0
20,A,90,103,0
20,A,91,103,0
44,A,92,103,0
8,A,93,103,0
20,A,94,103,0
57,A,95,103,0
21,A,96,103,0
31,A,97,103,0
32,A,98,103,0
21,A,99,103,0
44,A,100,103,0
33,B,101,103,0
71,B,102,103,0
9,B,103,103,0
45,B,104,103,0
19,B,105,103,0
62,B,106,103,0
50,B,107,103,0
22,B,108,103,0
34,B,109,103,0
11,B,110,103,0
11,B,111,103,0
2,B,112,103,0
4,B,113,103,0
36,B,114,103,0
35,B,115,103,0
36,B,116,103,0
49,B,117,103,0
35,B,118,103,0
2,B,119,103,0
62,B,120,103,0
59,B,121,103,0
4,B,122,103,0
50,B,123,103,0
63,B,124,103,0
63,B,125,103,0
33,B,126,103,0
2,B,127,103,0
22,B,128,103,0
51,B,129,103,0
49,B,130,103,0
19,B,131,103,0
36,B,132,103,0
4,B,133,103,0
25,B,134,103,0
16,B,135,103,0
63,B,136,103,0
63,B,137,103,0
26,B,138,103,0
49,B,139,103,0
49,B,140,103,0
13,B,141,103,0
52,B,142,103,0
26,B,143,103,0
28,B,144,103,0
66,B,145,103,0
66,B,146,103,0
14,B,147,103,0
14,B,148,103,0
28,B,149,103,0
26,B,150,103,0
25,B,151,103,0
66,B,152,103,0
15,B,153,103,0
51,B,154,103,0
28,B,155,103,0
15,B,156,103,0
51,B,157,103,0
40,B,158,103,0
40,B,159,103,0
16,B,160,103,0
51,B,161,103,0
69,A,162,103,0
69,A,163,103,0
69,A,164,103,0
27,A,165,103,0
53,A,166,103,0
54,A,167,103,0
17,A,168,103,0
27,A,169,103,0
27,A,170,103,0
53,A,171,103,0
53,A,172,103,0
81,A,173,103,0
42,A,174,103,0
41,A,175,103,0
56,A,176,103,0
54,A,177,103,0
17,A,178,103,0
42,A,179,103,0
42,A,180,103,0
42,A,181,103,0
67,A,182,103,0
67,A,183,103,0
43,B,78,104,0
30,B,79,104,0
30,B,80,104,0
30,B,81,104,0
30,B,82,104,0
43,B,83,104,0
30,B,84,104,0
30,B,85,104,0
32,A,86,104,0
1,A,87,104,0
10,A,88,104,0
58,A,89,104,0
32,A,90,104,0
58,A,91,104,0
58,A,92,104,0
18,A,93,104,0
8,A,94,104,0
20,A,95,104,0
31,A,96,104,0
21,A,97,104,0
57,A,98,104,0
44,A,99,104,0
57,A,100,104,0
9,B,101,104,0
71,B,102,104,0
71,B,103,104,0
2,B,104,104,0
34,B,105,104,0
22,B,106,104,0
50,B,107,104,0
19,B,108,104,0
19,B,109,104,0
45,B,110,104,0
11,B,111,104,0
4,B,112,104,0
2,B,113,104,0
62,B,114,104,0
36,B,115,104,0
9,B,116,104,0
90,B,117,104,0
2,B,118,104,0
45,B,119,104,0
4,B,120,104,0
4,B,121,104,0
34,B,122,104,0
4,B,123,104,0
35,B,124,104,0
36,B,125,104,0
33,B,126,104,0
33,B,127,104,0
14,B,128,104,0
14,B,129,104,0
36,B,130,104,0
36,B,131,104,0
2,B,132,104,0
80,B,133,104,0
16,B,134,104,0
63,B,135,104,0
14,B,136,104,0
14,B,137,104,0
14,B,138,104,0
13,B,139,104,0
25,B,140,104,0
13,B,141,104,0
50,B,142,104,0
52,B,143,104,0
28,B,144,104,0
66,B,145,104,0
28,B,146,104,0
52,B,147,104,0
14,B,148,104,0
39,B,149,104,0
28,B,150,104,0
40,B,151,104,0
14,B,152,104,0
66,B,153,104,0
28,B,154,104,0
25,B,155,104,0
26,B,156,104,0
52,B,157,104,0
51,B,158,104,0
50,B,159,104,0
51,B,160,104,0
16,B,161,104,0
54,A,162,104,0
81,A,163,104,0
81,A,164,104,0
17,A,165,104,0
54,A,166,104,0
17,A,167,104,0
54,A,168,104,0
53,A,169,104,0
67,A,170,104,0
41,A,171,104,0
41,A,172,104,0
42,A,173,104,0
41,A,174,104,0
17,A,175,104,0
56,A,176,104,0
29,A,177,104,0
29,A,178,104,0
17,A,179,104,0
69,A,180,104,0
56,A,181,104,0
56,A,182,104,0
67,A,183,104,0
67,A,184,104,0
43,B,78,105,0
30,B,79,105,0
30,B,80,105,0
30,B,81,105,0
43,B,82,105,0
30,B,83,105,0
30,B,84,105,0
30,B,85,105,0
44,A,86,105,0
44,A,87,105,0
57,A,88,105,0
18,A,89,105,0
58,A,90,105,0
32,A,91,105,0
18,A,92,105,0
58,A,93,105,0
20,A,94,105,0
8,A,95,105,0
31,A,96,105,0
32,A,97,105,0
10,A,98,105,0
10,A,99,105,0
44,A,100,105,0
9,B,101,105,0
19,B,102,105,0
34,B,103,105,0
62,B,104,105,0
33,B,105,105,0
71,B,106,105,0
34,B,107,105,0
19,B,108,105,0
45,B,109,105,0
62,B,110,105,0
45,B,111,105,0
50,B,112,105,0
22,B,113,105,0
22,B,114,105,0
19,B,115,105,0
2,B,116,105,0
90,B,117,105,0
90,B,118,105,0
45,B,119,105,0
4,B,120,105,0
90,B,121,105,0
34,B,122,105,0
35,B,123,105,0
36,B,124,105,0
36,B,125,105,0
4,B,126,105,0
33,B,127,105,0
51,B,128,105,0
11,B,129,105,0
11,B,130,105,0
26,B,131,105,0
14,B,132,105,0
2,B,133,105,0
2,B,134,105,0
22,B,135,105,0
25,B,136,105,0
14,B,137,105,0
14,B,138,105,0
79,B,139,105,0
13,B,140,105,0
25,B,141,105,0
11,B,142,105,0
66,B,143,105,0
50,B,144,105,0
52,B,145,105,0
16,B,146,105,0
28,B,147,105,0
52,B,148,105,0
52,B,149,105,0
50,B,150,105,0
50,B,151,105,0
40,B,152,105,0
25,B,153,105,0
15,B,154,105,0
26,B,155,105,0
52,B,156,105,0
15,B,157,105,0
15,B,158,105,0
50,B,159,105,0
13,B,160,105,0
40,B,161,105,0
54,A,162,105,0
29,A,163,105,0
27,A,164,105,0
54,A,165,105,0
42,A,166,105,0
41,A,167,105,0
29,A,168,105,0
29,A,169,105,0
67,A,170,105,0
81,A,171,105,0
29,A,172,105,0
17,A,173,105,0
17,A,174,105,0
42,A,175,105,0
53,A,176,105,0
53,A,177,105,0
41,A,178,105,0
69,A,179,105,0
17,A,180,105,0
53,A,181,105,0
56,A,182,105,0
41,A,183,105,0
41,A,184,105,0
30,B,77,106,0
30,B,78,106,0
43,B,79,106,0
43,B,80,106,0
43,B,81,106,0
30,B,82,106,0
43,B,83,106,0
30,B,84,106,0
43,B,85,106,0
10,A,86,106,0
10,A,87,106,0
57,A,88,106,0
58,A,89,106,0
58,A,90,106,0
18,A,91,106,0
8,A,92,106,0
1,A,93,106,0
8,A,94,106,0
8,A,95,106,0
8,A,96,106,0
32,A,97,106,0
10,A,98,106,0
10,A,99,106,0
22,B,100,106,0
19,B,101,106,0
34,B,102,106,0
22,B,103,106,0
33,B,104,106,0
62,B,105,106,0
34,B,106,106,0
71,B,107,106,0
19,B,108,106,0
62,B,109,106,0
73,B,110,106,0
73,B,111,106,0
73,B,112,106,0
50,B,113,106,0
4,B,114,106,0
2,B,115,106,0
2,B,116,106,0
50,B,117,106,0
19,B,118,106,0
59,B,119,106,0
62,B,120,106,0
62,B,121,106,0
59,B,122,106,0
2,B,123,106,0
35,B,124,106,0
14,B,125,106,0
35,B,126,106,0
35,B,127,106,0
11,B,128,106,0
63,B,129,106,0
4,B,130,106,0
13,B,131,106,0
13,B,132,106,0
26,B,133,106,0
26,B,134,106,0
22,B,135,106,0
51,B,136,106,0
11,B,137,106,0
15,B,138,106,0
40,B,139,106,0
66,B,140,106,0
49,B,141,106,0
16,B,142,106,0
28,B,143,106,0
16,B,144,106,0
52,B,145,106,0
28,B,146,106,0
39,B,147,106,0
14,B,148,106,0
13,B,149,106,0
50,B,150,106,0
39,B,151,106,0
51,B,152,106,0
51,B,153,106,0
92,B,154,106,0
15,B,155,106,0
25,B,156,106,0
52,B,157,106,0
39,B,158,106,0
16,B,159,106,0
13,B,160,106,0
40,B,161,106,0
54,A,162,106,0
29,A,163,106,0
17,A,164,106,0
53,A,165,106,0
41,A,166,106,0
41,A,167,106,0
41,A,168,106,0
42,A,169,106,0
67,A,170,106,0
81,A,171,106,0
29,A,172,106,0
67,A,173,106,0
42,A,174,106,0
42,A,175,106,0
53,A,176,106,0
53,A,177,106,0
69,A,178,106,0
27,A,179,106,0
17,A,180,106,0
53,A,181,106,0
42,A,182,106,0
42,A,183,106,0
17,A,184,106,0
30,B,77,107,0
30,B,78,107,0
30,B,79,107,0
43,B,80,107,0
43,B,81,107,0
43,B,82,107,0
43,B,83,107,0
43,B,84,107,0
43,B,85,107,0
10,A,86,107,0
10,A,87,107,0
8,A,88,107,0
8,A,89,107,0
31,A,90,107,0
32,A,91,107,0
32,A,92,107,0
8,A,93,107,0
44,A,94,107,0
44,A,95,107,0
32,A,96,107,0
18,A,97,107,0
21,A,98,107,0
22,B,99,107,0
62,B,100,107,0
19,B,101,107,0
19,B,102,107,0
33,B,103,107,0
62,B,104,107,0
59,B,105,107,0
59,B,106,107,0
4,B,107,107,0
35,B,108,107,0
73,B,109,107,0
22,B,110,107,0
11,B,111,107,0
19,B,112,107,0
34,B,113,107,0
62,B,114,107,0
62,B,115,107,0
36,B,116,107,0
19,B,117,107,0
63,B,118,107,0
36,B,119,107,0
33,B,120,107,0
50,B,121,107,0
50,B,122,107,0
14,B,123,107,0
49,B,124,107,0
49,B,125,107,0
26,B,126,107,0
35,B,127,107,0
35,B,128,107,0
14,B,129,107,0
63,B,130,107,0
49,B,131,107,0
51,B,132,107,0
51,B,133,107,0
13,B,134,107,0
13,B,135,107,0
22,B,136,107,0
51,B,137,107,0
15,B,138,107,0
15,B,139,107,0
40,B,140,107,0
16,B,141,107,0
49,B,142,107,0
13,B,143,107,0
15,B,144,107,0
14,B,145,107,0
39,B,146,107,0
14,B,147,107,0
16,B,148,107,0
13,B,149,107,0
39,B,150,107,0
28,B,151,107,0
28,B,152,107,0
51,B,153,107,0
92,B,154,107,0
92,B,155,107,0
14,B,156,107,0
39,B,157,107,0
16,B,158,107,0
13,B,159,107,0
16,B,160,107,0
78,B,161,107,0
42,A,162,107,0
42,A,163,107,0
17,A,164,107,0
17,A,165,107,0
69,A,166,107,0
29,A,167,107,0
42,A,168,107,0
42,A,169,107,0
53,A,170,107,0
27,A,171,107,0
67,A,172,107,0
67,A,173,107,0
29,A,174,107,0
81,A,175,107,0
17,A,176,107,0
67,A,177,107,0
42,A,178,107,0
42,A,179,107,0
27,A,180,107,0
53,A,181,107,0
69,A,182,107,0
53,A,183,107,0
69,A,184,107,0
43,B,77,108,0
43,B,78,108,0
43,B,79,108,0
30,B,80,108,0
30,B,81,108,0
43,B,82,108,0
30,B,83,108,0
30,B,84,108,0
30,B,85,108,0
57,A,86,108,0
8,A,87,108,0
10,A,88,108,0
8,A,89,108,0
20,A,90,108,0
31,A,91,108,0
58,A,92,108,0
44,A,93,108,0
31,A,94,108,0
31,A,95,108,0
18,A,96,108,0
21,A,97,108,0
4,B,98,108,0
36,B,99,108,0
62,B,100,108,0
9,B,101,108,0
71,B,102,108,0
71,B,103,108,0
71,B,104,108,0
73,B,105,108,0
4,B,106,108,0
35,B,107,108,0
73,B,108,108,0
36,B,109,108,0
22,B,110,108,0
22,B,111,108,0
45,B,112,108,0
19,B,113,108,0
34,B,114,108,0
33,B,115,108,0
22,B,116,108,0
63,B,117,108,0
34,B,118,108,0
36,B,119,108,0
50,B,120,108,0
4,B,121,108,0
34,B,122,108,0
14,B,123,108,0
33,B,124,108,0
11,B,125,108,0
34,B,126,108,0
26,B,127,108,0
14,B,128,108,0
63,B,129,108,0
63,B,130,108,0
26,B,131,108,0
49,B,132,108,0
79,B,133,108,0
13,B,134,108,0
78,B,135,108,0
22,B,136,108,0
14,B,137,108,0
14,B,138,108,0
25,B,139,108,0
16,B,140,108,0
92,B,141,108,0
15,B,142,108,0
15,B,143,108,0
26,B,144,108,0
39,B,145,108,0
79,B,146,108,0
40,B,147,108,0
16,B,148,108,0
39,B,149,108,0
39,B,150,108,0
66,B,151,108,0
40,B,152,108,0
15,B,153,108,0
15,B,154,108,0
78,B,155,108,0
14,B,156,108,0
40,B,157,108,0
40,B,158,108,0
15,B,159,108,0
13,B,160,108,0
78,B,161,108,0
42,A,162,108,0
81,A,163,108,0
81,A,164,108,0
69,A,165,108,0
29,A,166,108,0
53,A,167,108,0
29,A,168,108,0
53,A,169,108,0
27,A,170,108,0
27,A,171,108,0
27,A,172,108,0
41,A,173,108,0
81,A,174,108,0
81,A,175,108,0
42,A,176,108,0
42,A,177,108,0
17,A,178,108,0
69,A,179,108,0
42,A,180,108,0
42,A,181,108,0
27,A,182,108,0
27,A,183,108,0
53,A,184,108,0
43,B,77,109,0
43,B,78,109,0
43,B,79,109,0
30,B,80,109,0
30,B,81,109,0
30,B,82,109,0
43,B,83,109,0
30,B,84,109,0
30,B,85,109,0
31,A,86,109,0
18,A,87,109,0
31,A,88,109,0
31,A,89,109,0
20,A,90,109,0
8,A,91,109,0
1,A,92,109,0
58,A,93,109,0
58,A,94,109,0
58,A,95,109,0
18,A,96,109,0
9,B,97,109,0
9,B,98,109,0
62,B,99,109,0
36,B,100,109,0
62,B,101,109,0
4,B,102,109,0
73,B,103,109,0
73,B,104,109,0
19,B,105,109,0
33,B,106,109,0
45,B,107,109,0
9,B,108,109,0
45,B,109,109,0
45,B,110,109,0
50,B,111,109,0
50,B,112,109,0
22,B,113,109,0
51,B,114,109,0
34,B,115,109,0
33,B,116,109,0
34,B,117,109,0
63,B,118,109,0
62,B,119,109,0
2,B,120,109,0
2,B,121,109,0
63,B,122,109,0
63,B,123,109,0
40,B,124,109,0
11,B,125,109,0
11,B,126,109,0
14,B,127,109,0
14,B,128,109,0
33,B,129,109,0
2,B,130,109,0
14,B,131,109,0
49,B,132,109,0
79,B,133,109,0
40,B,134,109,0
40,B,135,109,0
79,B,136,109,0
14,B,137,109,0
25,B,138,109,0
16,B,139,109,0
16,B,140,109,0
28,B,141,109,0
28,B,142,109,0
15,B,143,109,0
66,B,144,109,0
26,B,145,109,0
79,B,146,109,0
40,B,147,109,0
78,B,148,109,0
26,B,149,109,0
66,B,150,109,0
40,B,151,109,0
40,B,152,109,0
39,B,153,109,0
39,B,154,109,0
28,B,155,109,0
78,B,156,109,0
40,B,157,109,0
40,B,158,109,0
15,B,159,109,0
16,B,160,109,0
40,B,161,109,0
42,A,162,109,0
81,A,163,109,0
53,A,164,109,0
27,A,165,109,0
41,A,166,109,0
56,A,167,109,0
56,A,168,109,0
69,A,169,109,0
41,A,170,109,0
67,A,171,109,0
67,A,172,109,0
81,A,173,109,0
56,A,174,109,0
81,A,175,109,0
42,A,176,109,0
17,A,177,109,0
69,A,178,109,0
67,A,179,109,0
29,A,180,109,0
54,A,181,109,0
41,A,182,109,0
27,A,183,109,0
41,A,184,109,0
30,B,77,110,0
30,B,78,110,0
30,B,79,110,0
30,B,80,110,0
43,B,81,110,0
43,B,82,110,0
43,B,83,110,0
43,B,84,110,0
43,B,85,110,0
18,A,86,110,0
31,A,87,110,0
32,A,88,110,0
31,A,89,110,0
32,A,90,110,0
8,A,91,110,0
58,A,92,110,0
21,A,93,110,0
31,A,94,110,0
44,A,95,110,0
32,A,96,110,0
36,B,97,110,0
71,B,98,110,0
72,B,99,110,0
35,B,100,110,0
33,B,101,110,0
33,B,102,110,0
35,B,103,110,0
19,B,104,110,0
33,B,105,110,0
45,B,106,110,0
9,B,107,110,0
59,B,108,110,0
50,B,109,110,0
45,B,110,110,0
73,B,111,110,0
36,B,112,110,0
51,B,113,110,0
73,B,114,110,0
35,B,115,110,0
35,B,116,110,0
90,B,117,110,0
90,B,118,110,0
19,B,119,110,0
19,B,120,110,0
2,B,121,110,0
2,B,122,110,0
50,B,123,110,0
91,B,124,110,0
36,B,125,110,0
63,B,126,110,0
14,B,127,110,0
36,B,128,110,0
2,B,129,110,0
13,B,130,110,0
49,B,131,110,0
90,B,132,110,0
26,B,133,110,0
40,B,134,110,0
2,B,135,110,0
13,B,136,110,0
79,B,137,110,0
13,B,138,110,0
25,B,139,110,0
79,B,140,110,0
22,B,141,110,0
22,B,142,110,0
50,B,143,110,0
66,B,144,110,0
79,B,145,110,0
79,B,146,110,0
13,B,147,110,0
77,B,148,110,0
26,B,149,110,0
66,B,150,110,0
50,B,151,110,0
50,B,152,110,0
79,B,153,110,0
39,B,154,110,0
52,B,155,110,0
28,B,156,110,0
39,B,157,110,0
39,B,158,110,0
16,B,159,110,0
39,B,160,110,0
40,B,161,110,0
67,A,162,110,0
53,A,163,110,0
27,A,164,110,0
67,A,165,110,0
41,A,166,110,0
41,A,167,110,0
56,A,168,110,0
54,A,169,110,0
54,A,170,110,0
41,A,171,110,0
67,A,172,110,0
56,A,173,110,0
56,A,174,110,0
69,A,175,110,0
67,A,176,110,0
67,A,177,110,0
29,A,178,110,0
67,A,179,110,0
41,A,180,110,0
41,A,181,110,0
41,A,182,110,0
41,A,183,110,0
27,A,184,110,0
43,B,77,111,0
30,B,78,111,0
30,B,79,111,0
43,B,80,111,0
43,B,81,111,0
43,B,82,111,0
30,B,83,111,0
30,B,84,111,0
43,B,85,111,0
31,A,86,111,0
20,A,87,111,0
8,A,88,111,0
18,A,89,111,0
1,A,90,111,0
58,A,91,111,0
58,A,92,111,0
31,A,93,111,0
31,A,94,111,0
32,A,95,111,0
32,A,96,111,0
71,B,97,111,0
72,B,98,111,0
35,B,99,111,0
9,B,100,111,0
36,B,101,111,0
22,B,102,111,0
9,B,103,111,0
9,B,104,111,0
86,B,105,111,0
4,B,106,111,0
4,B,107,111,0
35,B,108,111,0
11,B,109,111,0
34,B,110,111,0
36,B,111,111,0
36,B,112,111,0
73,B,113,111,0
11,B,114,111,0
50,B,115,111,0
22,B,116,111,0
51,B,117,111,0
11,B,118,111,0
19,B,119,111,0
4,B,120,111,0
36,B,121,111,0
36,B,122,111,0
78,B,123,111,0
50,B,124,111,0
36,B,125,111,0
14,B,126,111,0
36,B,127,111,0
2,B,128,111,0
13,B,129,111,0
14,B,130,111,0
90,B,131,111,0
33,B,132,111,0
26,B,133,111,0
13,B,134,111,0
13,B,135,111,0
2,B,136,111,0
13,B,137,111,0
16,B,138,111,0
22,B,139,111,0
22,B,140,111,0
79,B,141,111,0
50,B,142,111,0
25,B,143,111,0
50,B,144,111,0
50,B,145,111,0
50,B,146,111,0
77,B,147,111,0
25,B,148,111,0
77,B,149,111,0
52,B,150,111,0
52,B,151,111,0
79,B,152,111,0
40,B,153,111,0
15,B,154,111,0
52,B,155,111,0
52,B,156,111,0
13,B,157,111,0
28,B,158,111,0
28,B,159,111,0
40,B,160,111,0
78,B,161,111,0
69,A,162,111,0
69,A,163,111,0
67,A,164,111,0
27,A,165,111,0
67,A,166,111,0
29,A,167,111,0
69,A,168,111,0
69,A,169,111,0
17,A,170,111,0
17,A,171,111,0
67,A,172,111,0
27,A,173,111,0
56,A,174,111,0
54,A,175,111,0
69,A,176,111,0
29,A,177,111,0
42,A,178,111,0
41,A,179,111,0
42,A,180,111,0
42,A,181,111,0
53,A,182,111,0
69,A,183,111,0
54,A,184,111,0
43,B,77,112,0
43,B,78,112,0
43,B,79,112,0
43,B,80,112,0
30,B,81,112,0
30,B,82,112,0
30,B,83,112,0
30,B,84,112,0
18,A,85,112,0
20,A,86,112,0
20,A,87,112,0
18,A,88,112,0
8,A,89,112,0
58,A,90,112,0
58,A,91,112,0
21,A,92,112,0
8,A,93,112,0
18,A,94,112,0
18,A,95,112,0
44,A,96,112,0
72,B,97,112,0
86,B,98,112,0
35,B,99,112,0
33,B,100,112,0
22,B,101,112,0
86,B,102,112,0
72,B,103,112,0
59,B,104,112,0
86,B,105,112,0
34,B,106,112,0
33,B,107,112,0
19,B,108,112,0
34,B,109,112,0
59,B,110,112,0
50,B,111,112,0
34,B,112,112,0
22,B,113,112,0
51,B,114,112,0
11,B,115,112,0
51,B,116,112,0
22,B,117,112,0
11,B,118,112,0
22,B,119,112,0
34,B,120,112,0
36,B,121,112,0
4,B,122,112,0
78,B,123,112,0
11,B,124,112,0
14,B,125,112,0
40,B,126,112,0
35,B,127,112,0
35,B,128,112,0
33,B,129,112,0
39,B,130,112,0
92,B,131,112,0
62,B,132,112,0
62,B,133,112,0
39,B,134,112,0
22,B,135,112,0
40,B,136,112,0
40,B,137,112,0
15,B,138,112,0
66,B,139,112,0
79,B,140,112,0
28,B,141,112,0
28,B,142,112,0
26,B,143,112,0
52,B,144,112,0
52,B,145,112,0
14,B,146,112,0
50,B,147,112,0
28,B,148,112,0
28,B,149,112,0
77,B,150,112,0
63,B,151,112,0
63,B,152,112,0
40,B,153,112,0
40,B,154,112,0
15,B,155,112,0
15,B,156,112,0
82,B,157,112,0
82,B,158,112,0
82,B,159,112,0
78,B,160,112,0
40,B,161,112,0
69,A,162,112,0
69,A,163,112,0
53,A,164,112,0
53,A,165,112,0
42,A,166,112,0
17,A,167,112,0
69,A,168,112,0
54,A,169,112,0
29,A,170,112,0
27,A,171,112,0
27,A,172,112,0
27,A,173,112,0
67,A,174,112,0
54,A,175,112,0
54,A,176,112,0
42,A,177,112,0
53,A,178,112,0
53,A,179,112,0
41,A,180,112,0
53,A,181,112,0
42,A,182,112,0
69,A,183,112,0
54,A,184,112,0
43,B,77,113,0
43,B,78,113,0
30,B,79,113,0
30,B,80,113,0
30,B,81,113,0
43,B,82,113,0
43,B,83,113,0
30,B,84,113,0
58,A,85,113,0
18,A,86,113,0
18,A,87,113,0
8,A,88,113,0
58,A,89,113,0
58,A,90,113,0
21,A,91,113,0
21,A,92,113,0
18,A,93,113,0
8,A,94,113,0
18,A,95,113,0
101,B,96,113,0
4,B,97,113,0
101,B,98,113,0
86,B,99,113,0
59,B,100,113,0
89,B,101,113,0
89,B,102,113,0
62,B,103,113,0
72,B,104,113,0
71,B,105,113,0
19,B,106,113,0
11,B,107,113,0
59,B,108,113,0
59,B,109,113,0
11,B,110,113,0
4,B,111,113,0
34,B,112,113,0
34,B,113,113,0
22,B,114,113,0
51,B,115,113,0
34,B,116,113,0
63,B,117,113,0
22,B,118,113,0
51,B,119,113,0
34,B,120,113,0
36,B,121,113,0
4,B,122,113,0
76,B,123,113,0
11,B,124,113,0
40,B,125,113,0
77,B,126,113,0
91,B,127,113,0
35,B,128,113,0
33,B,129,113,0
2,B,130,113,0
92,B,131,113,0
33,B,132,113,0
33,B,133,113,0
40,B,134,113,0
51,B,135,113,0
66,B,136,113,0
15,B,137,113,0
66,B,138,113,0
14,B,139,113,0
80,B,140,113,0
25,B,141,113,0
26,B,142,113,0
28,B,143,113,0
77,B,144,113,0
77,B,145,113,0
14,B,146,113,0
28,B,147,113,0
66,B,148,113,0
52,B,149,113,0
26,B,150,113,0
77,B,151,113,0
28,B,152,113,0
28,B,153,113,0
13,B,154,113,0
80,B,155,113,0
80,B,156,113,0
50,B,157,113,0
39,B,158,113,0
78,B,159,113,0
15,B,160,113,0
15,B,161,113,0
27,A,162,113,0
17,A,163,113,0
53,A,164,113,0
69,A,165,113,0
17,A,166,113,0
42,A,167,113,0
42,A,168,113,0
67,A,169,113,0
29,A,170,113,0
29,A,171,113,0
42,A,172,113,0
29,A,173,113,0
29,A,174,113,0
41,A,175,113,0
41,A,176,113,0
53,A,177,113,0
42,A,178,113,0
29,A,179,113,0
53,A,180,113,0
41,A,181,113,0
56,A,182,113,0
29,A,183,113,0
29,A,184,113,0
30,B,78,114,0
30,B,79,114,0
43,B,80,114,0
30,B,81,114,0
43,B,82,114,0
43,B,83,114,0
20,A,84,114,0
20,A,85,114,0
31,A,86,114,0
32,A,87,114,0
32,A,88,114,0
1,A,89,114,0
1,A,90,114,0
32,A,91,114,0
8,A,92,114,0
44,A,93,114,0
44,A,94,114,0
8,A,95,114,0
72,B,96,114,0
101,B,97,114,0
4,B,98,114,0
9,B,99,114,0
89,B,100,114,0
36,B,101,114,0
89,B,102,114,0
33,B,103,114,0
45,B,104,114,0
59,B,105,114,0
71,B,106,114,0
71,B,107,114,0
33,B,108,114,0
11,B,109,114,0
9,B,110,114,0
73,B,111,114,0
36,B,112,114,0
36,B,113,114,0
59,B,114,114,0
33,B,115,114,0
51,B,116,114,0
34,B,117,114,0
22,B,118,114,0
34,B,119,114,0
34,B,120,114,0
11,B,121,114,0
76,B,122,114,0
76,B,123,114,0
33,B,124,114,0
77,B,125,114,0
36,B,126,114,0
77,B,127,114,0
91,B,128,114,0
91,B,129,114,0
78,B,130,114,0
78,B,131,114,0
22,B,132,114,0
11,B,133,114,0
11,B,134,114,0
22,B,135,114,0
13,B,136,114,0
66,B,137,114,0
14,B,138,114,0
39,B,139,114,0
15,B,140,114,0
39,B,141,114,0
52,B,142,114,0
26,B,143,114,0
13,B,144,114,0
77,B,145,114,0
80,B,146,114,0
25,B,147,114,0
25,B,148,114,0
76,B,149,114,0
76,B,150,114,0
76,B,151,114,0
80,B,152,114,0
28,B,153,114,0
16,B,154,114,0
16,B,155,114,0
28,B,156,114,0
28,B,157,114,0
78,B,158,114,0
40,B,159,114,0
15,B,160,114,0
111,B,161,114,0
54,A,162,114,0
54,A,163,114,0
17,A,164,114,0
81,A,165,114,0
81,A,166,114,0
53,A,167,114,0
67,A,168,114,0
69,A,169,114,0
17,A,170,114,0
27,A,171,114,0
67,A,172,114,0
29,A,173,114,0
42,A,174,114,0
42,A,175,114,0
53,A,176,114,0
27,A,177,114,0
29,A,178,114,0
17,A,179,114,0
56,A,180,114,0
53,A,181,114,0
69,A,182,114,0
29,A,183,114,0
29,A,184,114,0
30,B,78,115,0
43,B,79,115,0
43,B,80,115,0
8,A,81,115,0
32,A,82,115,0
58,A,83,115,0
32,A,84,115,0
31,A,85,115,0
58,A,86,115,0
32,A,87,115,0
20,A,88,115,0
1,A,89,115,0
1,A,90,115,0
18,A,91,115,0
18,A,92,115,0
8,A,93,115,0
101,B,94,115,0
86,B,95,115,0
73,B,96,115,0
72,B,97,115,0
45,B,98,115,0
45,B,99,115,0
9,B,100,115,0
36,B,101,115,0
73,B,102,115,0
33,B,103,115,0
73,B,104,115,0
71,B,105,115,0
59,B,106,115,0
35,B,107,115,0
62,B,108,115,0
11,B,109,115,0
19,B,110,115,0
9,B,111,115,0
36,B,112,115,0
59,B,113,115,0
73,B,114,115,0
59,B,115,115,0
50,B,116,115,0
34,B,117,115,0
22,B,118,115,0
4,B,119,115,0
91,B,120,115,0
22,B,121,115,0
78,B,122,115,0
63,B,123,115,0
63,B,124,115,0
52,B,125,115,0
76,B,126,115,0
33,B,127,115,0
90,B,128,115,0
78,B,129,115,0
91,B,130,115,0
11,B,131,115,0
22,B,132,115,0
2,B,133,115,0
11,B,134,115,0
63,B,135,115,0
90,B,136,115,0
90,B,137,115,0
40,B,138,115,0
40,B,139,115,0
15,B,140,115,0
25,B,141,115,0
39,B,142,115,0
52,B,143,115,0
52,B,144,115,0
80,B,145,115,0
13,B,146,115,0
39,B,147,115,0
50,B,148,115,0
50,B,149,115,0
16,B,150,115,0
80,B,151,115,0
76,B,152,115,0
76,B,153,115,0
77,B,154,115,0
16,B,155,115,0
111,B,156,115,0
28,B,157,115,0
82,B,158,115,0
82,B,159,115,0
40,B,160,115,0
50,B,161,115,0
111,B,162,115,0
54,A,163,115,0
27,A,164,115,0
69,A,165,115,0
53,A,166,115,0
17,A,167,115,0
69,A,168,115,0
69,A,169,115,0
69,A,170,115,0
69,A,171,115,0
27,A,172,115,0
67,A,173,115,0
17,A,174,115,0
42,A,175,115,0
27,A,176,115,0
27,A,177,115,0
29,A,178,115,0
17,A,179,115,0
56,A,180,115,0
56,A,181,115,0
17,A,182,115,0
17,A,183,115,0
17,A,184,115,0
57,A,79,116,0
8,A,80,116,0
32,A,81,116,0
57,A,82,116,0
18,A,83,116,0
57,A,84,116,0
32,A,85,116,0
18,A,86,116,0
18,A,87,116,0
1,A,88,116,0
21,A,89,116,0
21,A,90,116,0
18,A,91,116,0
18,A,92,116,0
101,B,93,116,0
86,B,94,116,0
101,B,95,116,0
73,B,96,116,0
73,B,97,116,0
72,B,98,116,0
45,B,99,116,0
35,B,100,116,0
62,B,101,116,0
45,B,102,116,0
45,B,103,116,0
86,B,104,116,0
73,B,105,116,0
45,B,106,116,0
59,B,107,116,0
73,B,108,116,0
19,B,109,116,0
74,A,110,116,0
75,A,111,116,0
75,A,112,116,0
47,A,113,116,0
4,B,114,116,0
73,B,115,116,0
50,B,116,116,0
76,B,117,116,0
78,B,118,116,0
78,B,119,116,0
22,B,120,116,0
91,B,121,116,0
11,B,122,116,0
11,B,123,116,0
63,B,124,116,0
52,B,125,116,0
11,B,126,116,0
63,B,127,116,0
33,B,128,116,0
2,B,129,116,0
2,B,130,116,0
92,B,131,116,0
91,B,132,116,0
49,B,133,116,0
63,B,134,116,0
28,B,135,116,0
90,B,136,116,0
14,B,137,116,0
51,B,138,116,0
65,A,139,116,0
64,A,140,116,0
64,A,141,116,0
65,A,142,116,0
15,B,143,116,0
15,B,144,116,0
63,B,145,116,0
39,B,146,116,0
79,B,147,116,0
50,B,148,116,0
50,B,149,116,0
80,B,150,116,0
16,B,151,116,0
76,B,152,116,0
77,B,153,116,0
52,B,154,116,0
92,B,155,116,0
50,B,156,116,0
111,B,157,116,0
111,B,158,116,0
26,B,159,116,0
16,B,160,116,0
16,B,161,116,0
78,B,162,116,0
76,B,163,116,0
27,A,164,116,0
81,A,165,116,0
29,A,166,116,0
17,A,167,116,0
69,A,168,116,0
81,A,169,116,0
42,A,170,116,0
42,A,171,116,0
42,A,172,116,0
17,A,173,116,0
17,A,174,116,0
27,A,175,116,0
17,A,176,116,0
17,A,177,116,0
27,A,178,116,0
96,B,179,116,0
96,B,180,116,0
68,B,181,116,0
55,B,182,116,0
96,B,183,116,0
96,B,184,116,0
57,A,79,117,0
58,A,80,117,0
32,A,81,117,0
32,A,82,117,0
18,A,83,117,0
58,A,84,117,0
57,A,85,117,0
31,A,86,117,0
18,A,87,117,0
8,A,88,117,0
18,A,89,117,0
58,A,90,117,0
9,B,91,117,0
33,B,92,117,0
86,B,93,117,0
9,B,94,117,0
59,B,95,117,0
33,B,96,117,0
62,B,97,117,0
101,B,98,117,0
59,B,99,117,0
45,B,100,117,0
62,B,101,117,0
19,B,102,117,0
86,B,103,117,0
86,B,104,117,0
34,B,105,117,0
45,B,106,117,0
60,A,107,117,0
46,A,108,117,0
74,A,109,117,0
48,A,110,117,0
75,A,111,117,0
75,A,112,117,0
75,A,113,117,0
47,A,114,117,0
74,A,115,117,0
76,B,116,117,0
76,B,117,117,0
35,B,118,117,0
78,B,119,117,0
4,B,120,117,0
91,B,121,117,0
91,B,122,117,0
78,B,123,117,0
11,B,124,117,0
78,B,125,117,0
2,B,126,117,0
11,B,127,117,0
34,B,128,117,0
33,B,129,117,0
11,B,130,117,0
92,B,131,117,0
92,B,132,117,0
91,B,133,117,0
51,B,134,117,0
51,B,135,117,0
90,B,136,117,0
64,A,137,117,0
65,A,138,117,0
64,A,139,117,0
65,A,140,117,0
64,A,141,117,0
64,A,142,117,0
65,A,143,117,0
15,B,144,117,0
39,B,145,117,0
79,B,146,117,0
63,B,147,117,0
80,B,148,117,0
50,B,149,117,0
77,B,150,117,0
76,B,151,117,0
16,B,152,117,0
52,B,153,117,0
15,B,154,117,0
15,B,155,117,0
77,B,156,117,0
111,B,157,117,0
83,B,158,117,0
83,B,159,117,0
76,B,160,117,0
13,B,161,117,0
82,B,162,117,0
82,B,163,117,0
111,B,164,117,0
27,A,165,117,0
17,A,166,117,0
69,A,167,117,0
81,A,168,117,0
67,A,169,117,0
29,A,170,117,0
29,A,171,117,0
54,A,172,117,0
54,A,173,117,0
27,A,174,117,0
42,A,175,117,0
122,B,176,117,0
122,B,177,117,0
68,B,178,117,0
82,B,179,117,0
122,B,180,117,0
111,B,181,117,0
68,B,182,117,0
55,B,183,117,0
82,B,184,117,0
58,A,79,118,0
57,A,80,118,0
58,A,81,118,0
18,A,82,118,0
32,A,83,118,0
58,A,84,118,0
44,A,85,118,0
44,A,86,118,0
8,A,87,118,0
8,A,88,118,0
72,B,89,118,0
9,B,90,118,0
9,B,91,118,0
89,B,92,118,0
33,B,93,118,0
59,B,94,118,0
59,B,95,118,0
72,B,96,118,0
45,B,97,118,0
101,B,98,118,0
34,B,99,118,0
62,B,100,118,0
19,B,101,118,0
35,B,102,118,0
35,B,103,118,0
62,B,104,118,0
34,B,105,118,0
48,A,106,118,0
60,A,107,118,0
46,A,108,118,0
74,A,109,118,0
74,A,110,118,0
60,A,111,118,0
74,A,112,118,0
75,A,113,118,0
75,A,114,118,0
75,A,115,118,0
75,A,116,118,0
60,A,117,118,0
11,B,118,118,0
35,B,119,118,0
50,B,120,118,0
52,B,121,118,0
78,B,122,118,0
49,B,123,118,0
90,B,124,118,0
63,B,125,118,0
78,B,126,118,0
34,B,127,118,0
11,B,128,118,0
34,B,129,118,0
13,B,130,118,0
11,B,131,118,0
77,B,132,118,0
22,B,133,118,0
22,B,134,118,0
64,A,135,118,0
64,A,136,118,0
65,A,137,118,0
65,A,138,118,0
65,A,139,118,0
64,A,140,118,0
65,A,141,118,0
64,A,142,118,0
64,A,143,118,0
28,B,144,118,0
79,B,145,118,0
25,B,146,118,0
51,B,147,118,0
63,B,148,118,0
78,B,149,118,0
78,B,150,118,0
51,B,151,118,0
76,B,152,118,0
15,B,153,118,0
39,B,154,118,0
15,B,155,118,0
77,B,156,118,0
55,B,157,118,0
15,B,158,118,0
55,B,159,118,0
76,B,160,118,0
26,B,161,118,0
55,B,162,118,0
111,B,163,118,0
25,B,164,118,0
55,B,165,118,0
67,A,166,118,0
29,A,167,118,0
53,A,168,118,0
81,A,169,118,0
67,A,170,118,0
54,A,171,118,0
54,A,172,118,0
54,A,173,118,0
96,B,174,118,0
96,B,175,118,0
68,B,176,118,0
68,B,177,118,0
82,B,178,118,0
82,B,179,118,0
111,B,180,118,0
68,B,181,118,0
70,B,182,118,0
82,B,183,118,0
111,B,184,118,0
32,A,79,119,0
32,A,80,119,0
44,A,81,119,0
44,A,82,119,0
31,A,83,119,0
31,A,84,119,0
31,A,85,119,0
8,A,86,119,0
8,A,87,119,0
115,B,88,119,0
19,B,89,119,0
72,B,90,119,0
89,B,91,119,0
89,B,92,119,0
33,B,93,119,0
72,B,94,119,0
72,B,95,119,0
45,B,96,119,0
9,B,97,119,0
34,B,98,119,0
89,B,99,119,0
34,B,100,119,0
34,B,101,119,0
35,B,102,119,0
73,B,103,119,0
62,B,104,119,0
48,A,105,119,0
74,A,106,119,0
75,A,107,119,0
74,A,108,119,0
74,A,109,119,0
60,A,110,119,0
60,A,111,119,0
47,A,112,119,0
74,A,113,119,0
88,A,114,119,0
61,A,115,119,0
88,A,116,119,0
60,A,117,119,0
88,A,118,119,0
22,B,119,119,0
11,B,120,119,0
52,B,121,119,0
49,B,122,119,0
11,B,123,119,0
90,B,124,119,0
63,B,125,119,0
63,B,126,119,0
49,B,127,119,0
76,B,128,119,0
35,B,129,119,0
13,B,130,119,0
77,B,131,119,0
22,B,132,119,0
92,B,133,119,0
92,B,134,119,0
64,A,135,119,0
65,A,136,119,0
65,A,137,119,0
64,A,138,119,0
64,A,139,119,0
65,A,140,119,0
65,A,141,119,0
65,A,142,119,0
64,A,143,119,0
65,A,144,119,0
65,A,145,119,0
50,B,146,119,0
76,B,147,119,0
51,B,148,119,0
76,B,149,119,0
40,B,150,119,0
76,B,151,119,0
92,B,152,119,0
77,B,153,119,0
13,B,154,119,0
50,B,155,119,0
13,B,156,119,0
92,B,157,119,0
55,B,158,119,0
13,B,159,119,0
82,B,160,119,0
76,B,161,119,0
92,B,162,119,0
55,B,163,119,0
70,B,164,119,0
55,B,165,119,0
55,B,166,119,0
83,B,167,119,0
70,B,168,119,0
122,B,169,119,0
55,B,170,119,0
82,B,171,119,0
68,B,172,119,0
122,B,173,119,0
111,B,174,119,0
122,B,175,119,0
83,B,176,119,0
70,B,177,119,0
111,B,178,119,0
55,B,179,119,0
96,B,180,119,0
122,B,181,119,0
70,B,182,119,0
70,B,183,119,0
68,B,184,119,0
55,B,185,119,0
44,A,79,120,0
32,A,80,120,0
32,A,81,120,0
31,A,82,120,0
57,A,83,120,0
57,A,84,120,0
8,A,85,120,0
18,A,86,120,0
59,B,87,120,0
115,B,88,120,0
19,B,89,120,0
45,B,90,120,0
72,B,91,120,0
89,B,92,120,0
19,B,93,120,0
9,B,94,120,0
45,B,95,120,0
89,B,96,120,0
45,B,97,120,0
9,B,98,120,0
9,B,99,120,0
114,B,100,120,0
114,B,101,120,0
86,B,102,120,0
89,B,103,120,0
86,B,104,120,0
48,A,105,120,0
60,A,106,120,0
75,A,107,120,0
60,A,108,120,0
61,A,109,120,0
61,A,110,120,0
60,A,111,120,0
116,A,112,120,0
88,A,113,120,0
61,A,114,120,0
88,A,115,120,0
88,A,116,120,0
88,A,117,120,0
48,A,118,120,0
78,B,119,120,0
49,B,120,120,0
49,B,121,120,0
91,B,122,120,0
76,B,123,120,0
11,B,124,120,0
92,B,125,120,0
49,B,126,120,0
49,B,127,120,0
49,B,128,120,0
76,B,129,120,0
77,B,130,120,0
22,B,131,120,0
62,B,132,120,0
35,B,133,120,0
65,A,134,120,0
65,A,135,120,0
65,A,136,120,0
64,A,137,120,0
64,A,138,120,0
64,A,139,120,0
65,A,140,120,0
65,A,141,120,0
64,A,142,120,0
64,A,143,120,0
65,A,144,120,0
64,A,145,120,0
64,A,146,120,0
50,B,147,120,0
51,B,148,120,0
39,B,149,120,0
79,B,150,120,0
79,B,151,120,0
25,B,152,120,0
13,B,153,120,0
77,B,154,120,0
13,B,155,120,0
92,B,156,120,0
55,B,157,120,0
96,B,158,120,0
13,B,159,120,0
13,B,160,120,0
82,B,161,120,0
51,B,162,120,0
51,B,163,120,0
82,B,164,120,0
70,B,165,120,0
82,B,166,120,0
111,B,167,120,0
83,B,168,120,0
96,B,169,120,0
68,B,170,120,0
82,B,171,120,0
70,B,172,120,0
82,B,173,120,0
122,B,174,120,0
111,B,175,120,0
83,B,176,120,0
83,B,177,120,0
70,B,178,120,0
122,B,179,120,0
55,B,180,120,0
83,B,181,120,0
83,B,182,120,0
82,B,183,120,0
111,B,184,120,0
68,B,185,120,0
58,A,79,121,0
44,A,80,121,0
31,A,81,121,0
57,A,82,121,0
58,A,83,121,0
57,A,84,121,0
71,B,85,121,0
87,B,86,121,0
72,B,87,121,0
59,B,88,121,0
87,B,89,121,0
87,B,90,121,0
33,B,91,121,0
19,B,92,121,0
115,B,93,121,0
73,B,94,121,0
33,B,95,121,0
89,B,96,121,0
19,B,97,121,0
86,B,98,121,0
19,B,99,121,0
33,B,100,121,0
114,B,101,121,0
62,B,102,121,0
73,B,103,121,0
89,B,104,121,0
60,A,105,121,0
60,A,106,121,0
88,A,107,121,0
47,A,108,121,0
46,A,109,121,0
46,A,110,121,0
46,A,111,121,0
75,A,112,121,0
61,A,113,121,0
61,A,114,121,0
61,A,115,121,0
116,A,116,121,0
48,A,117,121,0
61,A,118,121,0
47,A,119,121,0
79,B,120,121,0
35,B,121,121,0
49,B,122,121,0
91,B,123,121,0
76,B,124,121,0
36,B,125,121,0
77,B,126,121,0
77,B,127,121,0
34,B,128,121,0
34,B,129,121,0
92,B,130,121,0
92,B,131,121,0
35,B,132,121,0
35,B,133,121,0
64,A,134,121,0
64,A,135,121,0
65,A,136,121,0
64,A,137,121,0
65,A,138,121,0
65,A,139,121,0
65,A,140,121,0
64,A,141,121,0
64,A,142,121,0
65,A,143,121,0
65,A,144,121,0
64,A,145,121,0
28,B,146,121,0
28,B,147,121,0
39,B,148,121,0
94,B,149,121,0
79,B,150,121,0
79,B,151,121,0
28,B,152,121,0
28,B,153,121,0
52,B,154,121,0
52,B,155,121,0
52,B,156,121,0
96,B,157,121,0
55,B,158,121,0
55,B,159,121,0
16,B,160,121,0
82,B,161,121,0
51,B,162,121,0
96,B,163,121,0
111,B,164,121,0
70,B,165,121,0
82,B,166,121,0
111,B,167,121,0
111,B,168,121,0
111,B,169,121,0
70,B,170,121,0
96,B,171,121,0
55,B,172,121,0
68,B,173,121,0
68,B,174,121,0
68,B,175,121,0
68,B,176,121,0
70,B,177,121,0
82,B,178,121,0
122,B,179,121,0
55,B,180,121,0
83,B,181,121,0
111,B,182,121,0
82,B,183,121,0
111,B,184,121,0
68,B,185,121,0
58,A,79,122,0
8,A,80,122,0
8,A,81,122,0
8,A,82,122,0
72,B,83,122,0
59,B,84,122,0
71,B,85,122,0
71,B,86,122,0
72,B,87,122,0
59,B,88,122,0
59,B,89,122,0
59,B,90,122,0
19,B,91,122,0
9,B,92,122,0
9,B,93,122,0
115,B,94,122,0
33,B,95,122,0
19,B,96,122,0
59,B,97,122,0
86,B,98,122,0
33,B,99,122,0
34,B,100,122,0
34,B,101,122,0
86,B,102,122,0
62,B,103,122,0
73,B,104,122,0
47,A,105,122,0
74,A,106,122,0
88,A,107,122,0
60,A,108,122,0
47,A,109,122,0
117,A,110,122,0
75,A,111,122,0
61,A,112,122,0
48,A,113,122,0
48,A,114,122,0
116,A,115,122,0
48,A,116,122,0
75,A,117,122,0
61,A,118,122,0
47,A,119,122,0
79,B,120,122,0
79,B,121,122,0
78,B,122,122,0
49,B,123,122,0
52,B,124,122,0
52,B,125,122,0
36,B,126,122,0
36,B,127,122,0
36,B,128,122,0
78,B,129,122,0
78,B,130,122,0
63,B,131,122,0
63,B,132,122,0
49,B,133,122,0
64,A,134,122,0
65,A,135,122,0
64,A,136,122,0
64,A,137,122,0
64,A,138,122,0
65,A,139,122,0
64,A,140,122,0
64,A,141,122,0
64,A,142,122,0
65,A,143,122,0
65,A,144,122,0
64,A,145,122,0
39,B,146,122,0
26,B,147,122,0
94,B,148,122,0
77,B,149,122,0
79,B,150,122,0
76,B,151,122,0
28,B,152,122,0
77,B,153,122,0
76,B,154,122,0
77,B,155,122,0
51,B,156,122,0
51,B,157,122,0
80,B,158,122,0
80,B,159,122,0
94,B,160,122,0
70,B,161,122,0
70,B,162,122,0
96,B,163,122,0
68,B,164,122,0
94,B,165,122,0
70,B,166,122,0
70,B,167,122,0
82,B,168,122,0
82,B,169,122,0
70,B,170,122,0
55,B,171,122,0
96,B,172,122,0
111,B,173,122,0
111,B,174,122,0
82,B,175,122,0
96,B,176,122,0
55,B,177,122,0
82,B,178,122,0
111,B,179,122,0
111,B,180,122,0
96,B,181,122,0
68,B,182,122,0
70,B,183,122,0
70,B,184,122,0
110,A,185,122,0
81,A,186,122,0
45,B,79,123,0
99,B,80,123,0
99,B,81,123,0
87,B,82,123,0
59,B,83,123,0
19,B,84,123,0
115,B,85,123,0
19,B,86,123,0
99,B,87,123,0
87,B,88,123,0
100,B,89,123,0
100,B,90,123,0
19,B,91,123,0
33,B,92,123,0
72,B,93,123,0
9,B,94,123,0
33,B,95,123,0
34,B,96,123,0
59,B,97,123,0
101,B,98,123,0
62,B,99,123,0
62,B,100,123,0
45,B,101,123,0
45,B,102,123,0
71,B,103,123,0
60,A,104,123,0
60,A,105,123,0
47,A,106,123,0
88,A,107,123,0
88,A,108,123,0
61,A,109,123,0
61,A,110,123,0
46,A,111,123,0
117,A,112,123,0
75,A,113,123,0
48,A,114,123,0
103,A,115,123,0
116,A,116,123,0
61,A,117,123,0
46,A,118,123,0
48,A,119,123,0
48,A,120,123,0
78,B,121,123,0
78,B,122,123,0
78,B,123,123,0
108,B,124,123,0
34,B,125,123,0
91,B,126,123,0
91,B,127,123,0
92,B,128,123,0
35,B,129,123,0
63,B,130,123,0
63,B,131,123,0
76,B,132,123,0
92,B,133,123,0
65,A,134,123,0
65,A,135,123,0
65,A,136,123,0
64,A,137,123,0
64,A,138,123,0
64,A,139,123,0
65,A,140,123,0
64,A,141,123,0
65,A,142,123,0
64,A,143,123,0
65,A,144,123,0
64,A,145,123,0
25,B,146,123,0
94,B,147,123,0
94,B,148,123,0
25,B,149,123,0
76,B,150,123,0
28,B,151,123,0
122,B,152,123,0
122,B,153,123,0
76,B,154,123,0
80,B,155,123,0
109,B,156,123,0
55,B,157,123,0
70,B,158,123,0
92,B,159,123,0
92,B,160,123,0
80,B,161,123,0
80,B,162,123,0
76,B,163,123,0
94,B,164,123,0
94,B,165,123,0
70,B,166,123,0
83,B,167,123,0
83,B,168,123,0
94,B,169,123,0
68,B,170,123,0
96,B,171,123,0
55,B,172,123,0
82,B,173,123,0
55,B,174,123,0
55,B,175,123,0
96,B,176,123,0
83,B,177,123,0
83,B,178,123,0
68,B,179,123,0
111,B,180,123,0
68,B,181,123,0
96,B,182,123,0
82,B,183,123,0
112,A,184,123,0
81,A,185,123,0
110,A,186,123,0
112,A,187,123,0
45,B,79,124,0
45,B,80,124,0
87,B,81,124,0
87,B,82,124,0
86,B,83,124,0
19,B,84,124,0
19,B,85,124,0
99,B,86,124,0
99,B,87,124,0
9,B,88,124,0
100,B,89,124,0
100,B,90,124,0
73,B,91,124,0
115,B,92,124,0
9,B,93,124,0
72,B,94,124,0
34,B,95,124,0
73,B,96,124,0
101,B,97,124,0
72,B,98,124,0
114,B,99,124,0
114,B,100,124,0
62,B,101,124,0
72,B,102,124,0
34,B,103,124,0
47,A,104,124,0
60,A,105,124,0
46,A,106,124,0
88,A,107,124,0
48,A,108,124,0
48,A,109,124,0
48,A,110,124,0
117,A,111,124,0
117,A,112,124,0
47,A,113,124,0
48,A,114,124,0
103,A,115,124,0
103,A,116,124,0
103,A,117,124,0
46,A,118,124,0
60,A,119,124,0
60,A,120,124,0
48,A,121,124,0
91,B,122,124,0
35,B,123,124,0
108,B,124,124,0
34,B,125,124,0
91,B,126,124,0
89,B,127,124,0
22,B,128,124,0
22,B,129,124,0
77,B,130,124,0
76,B,131,124,0
78,B,132,124,0
92,B,133,124,0
92,B,134,124,0
65,A,135,124,0
65,A,136,124,0
64,A,137,124,0
65,A,138,124,0
65,A,139,124,0
64,A,140,124,0
65,A,141,124,0
65,A,142,124,0
65,A,143,124,0
64,A,144,124,0
51,B,145,124,0
63,B,146,124,0
80,B,147,124,0
80,B,148,124,0
63,B,149,124,0
63,B,150,124,0
26,B,151,124,0
122,B,152,124,0
66,B,153,124,0
122,B,154,124,0
80,B,155,124,0
80,B,156,124,0
82,B,157,124,0
76,B,158,124,0
96,B,159,124,0
96,B,160,124,0
80,B,161,124,0
92,B,162,124,0
92,B,163,124,0
68,B,164,124,0
83,B,165,124,0
25,B,166,124,0
55,B,167,124,0
94,B,168,124,0
83,B,169,124,0
94,B,170,124,0
96,B,171,124,0
70,B,172,124,0
83,B,173,124,0
111,B,174,124,0
68,B,175,124,0
68,B,176,124,0
111,B,177,124,0
83,B,178,124,0
68,B,179,124,0
70,B,180,124,0
122,B,181,124,0
82,B,182,124,0
112,A,183,124,0
81,A,184,124,0
81,A,185,124,0
125,A,186,124,0
112,A,187,124,0
112,A,188,124,0
86,B,79,125,0
86,B,80,125,0
115,B,81,125,0
59,B,82,125,0
73,B,83,125,0
102,B,84,125,0
102,B,85,125,0
102,B,86,125,0
19,B,87,125,0
19,B,88,125,0
73,B,89,125,0
73,B,90,125,0
72,B,91,125,0
102,B,92,125,0
59,B,93,125,0
33,B,94,125,0
86,B,95,125,0
89,B,96,125,0
101,B,97,125,0
87,B,98,125,0
72,B,99,125,0
114,B,100,125,0
101,B,101,125,0
62,B,102,125,0
62,B,103,125,0
74,A,104,125,0
46,A,105,125,0
47,A,106,125,0
48,A,107,125,0
46,A,108,125,0
74,A,109,125,0
60,A,110,125,0
60,A,111,125,0
47,A,112,125,0
75,A,113,125,0
60,A,114,125,0
46,A,115,125,0
61,A,116,125,0
104,A,117,125,0
61,A,118,125,0
104,A,119,125,0
60,A,120,125,0
77,B,121,125,0
35,B,122,125,0
90,B,123,125,0
77,B,124,125,0
77,B,125,125,0
34,B,126,125,0
108,B,127,125,0
78,B,128,125,0
79,B,129,125,0
77,B,130,125,0
35,B,131,125,0
35,B,132,125,0
108,B,133,125,0
77,B,134,125,0
64,A,135,125,0
65,A,136,125,0
64,A,137,125,0
65,A,138,125,0
65,A,139,125,0
64,A,140,125,0
64,A,141,125,0
65,A,142,125,0
65,A,143,125,0
76,B,144,125,0
76,B,145,125,0
121,B,146,125,0
78,B,147,125,0
51,B,148,125,0
63,B,149,125,0
70,B,150,125,0
77,B,151,125,0
26,B,152,125,0
66,B,153,125,0
66,B,154,125,0
40,B,155,125,0
40,B,156,125,0
92,B,157,125,0
82,B,158,125,0
96,B,159,125,0
76,B,160,125,0
82,B,161,125,0
82,B,162,125,0
68,B,163,125,0
83,B,164,125,0
68,B,165,125,0
25,B,166,125,0
96,B,167,125,0
55,B,168,125,0
68,B,169,125,0
82,B,170,125,0
82,B,171,125,0
83,B,172,125,0
70,B,173,125,0
111,B,174,125,0
83,B,175,125,0
55,B,176,125,0
111,B,177,125,0
111,B,178,125,0
70,B,179,125,0
55,B,180,125,0
83,B,181,125,0
98,A,182,125,0
81,A,183,125,0
81,A,184,125,0
98,A,185,125,0
112,A,186,125,0
112,A,187,125,0
125,A,188,125,0
72,B,78,126,0
86,B,79,126,0
99,B,80,126,0
86,B,81,126,0
87,B,82,126,0
100,B,83,126,0
99,B,84,126,0
59,B,85,126,0
102,B,86,126,0
19,B,87,126,0
19,B,88,126,0
87,B,89,126,0
72,B,90,126,0
73,B,91,126,0
59,B,92,126,0
33,B,93,126,0
73,B,94,126,0
86,B,95,126,0
86,B,96,126,0
89,B,97,126,0
72,B,98,126,0
87,B,99,126,0
72,B,100,126,0
89,B,101,126,0
71,B,102,126,0
60,A,103,126,0
60,A,104,126,0
74,A,105,126,0
48,A,106,126,0
48,A,107,126,0
47,A,108,126,0
47,A,109,126,0
61,A,110,126,0
116,A,111,126,0
116,A,112,126,0
47,A,113,126,0
75,A,114,126,0
75,A,115,126,0
46,A,116,126,0
61,A,117,126,0
46,A,118,126,0
46,A,119,126,0
48,A,120,126,0
48,A,121,126,0
91,B,122,126,0
35,B,123,126,0
90,B,124,126,0
79,B,125,126,0
91,B,126,126,0
34,B,127,126,0
108,B,128,126,0
78,B,129,126,0
92,B,130,126,0
92,B,131,126,0
108,B,132,126,0
78,B,133,126,0
78,B,134,126,0
77,B,135,126,0
65,A,136,126,0
64,A,137,126,0
64,A,138,126,0
65,A,139,126,0
64,A,140,126,0
64,A,141,126,0
70,B,142,126,0
70,B,143,126,0
76,B,144,126,0
70,B,145,126,0
108,B,146,126,0
83,B,147,126,0
51,B,148,126,0
51,B,149,126,0
77,B,150,126,0
70,B,151,126,0
66,B,152,126,0
90,B,153,126,0
70,B,154,126,0
40,B,155,126,0
66,B,156,126,0
66,B,157,126,0
66,B,158,126,0
82,B,159,126,0
76,B,160,126,0
91,B,161,126,0
55,B,162,126,0
70,B,163,126,0
91,B,164,126,0
96,B,165,126,0
122,B,166,126,0
122,B,167,126,0
96,B,168,126,0
55,B,169,126,0
122,B,170,126,0
96,B,171,126,0
68,B,172,126,0
82,B,173,126,0
82,B,174,126,0
55,B,175,126,0
55,B,176,126,0
68,B,177,126,0
70,B,178,126,0
55,B,179,126,0
83,B,180,126,0
97,A,181,126,0
125,A,182,126,0
98,A,183,126,0
124,A,184,126,0
98,A,185,126,0
98,A,186,126,0
69,A,187,126,0
69,A,188,126,0
125,A,189,126,0
101,B,78,127,0
99,B,79,127,0
99,B,80,127,0
87,B,81,127,0
86,B,82,127,0
101,B,83,127,0
99,B,84,127,0
59,B,85,127,0
101,B,86,127,0
101,B,87,127,0
87,B,88,127,0
114,B,89,127,0
19,B,90,127,0
102,B,91,127,0
9,B,92,127,0
9,B,93,127,0
33,B,94,127,0
59,B,95,127,0
34,B,96,127,0
72,B,97,127,0
73,B,98,127,0
101,B,99,127,0
86,B,100,127,0
89,B,101,127,0
86,B,102,127,0
48,A,103,127,0
47,A,104,127,0
46,A,105,127,0
46,A,106,127,0
75,A,107,127,0
117,A,108,127,0
47,A,109,127,0
46,A,110,127,0
61,A,111,127,0
61,A,112,127,0
116,A,113,127,0
61,A,114,127,0
75,A,115,127,0
47,A,116,127,0
103,A,117,127,0
61,A,118,127,0
116,A,119,127,0
48,A,120,127,0
104,A,121,127,0
91,B,122,127,0
108,B,123,127,0
63,B,124,127,0
91,B,125,127,0
79,B,126,127,0
79,B,127,127,0
34,B,128,127,0
108,B,129,127,0
78,B,130,127,0
108,B,131,127,0
108,B,132,127,0
76,B,133,127,0
79,B,134,127,0
77,B,135,127,0
94,B,136,127,0
94,B,137,127,0
64,A,138,127,0
65,A,139,127,0
79,B,140,127,0
79,B,141,127,0
70,B,142,127,0
70,B,143,127,0
25,B,144,127,0
108,B,145,127,0
70,B,146,127,0
79,B,147,127,0
79,B,148,127,0
77,B,149,127,0
77,B,150,127,0
70,B,151,127,0
94,B,152,127,0
90,B,153,127,0
90,B,154,127,0
108,B,155,127,0
122,B,156,127,0
122,B,157,127,0
94,B,158,127,0
96,B,159,127,0
91,B,160,127,0
111,B,161,127,0
76,B,162,127,0
91,B,163,127,0
91,B,164,127,0
96,B,165,127,0
68,B,166,127,0
70,B,167,127,0
83,B,168,127,0
96,B,169,127,0
122,B,170,127,0
111,B,171,127,0
55,B,172,127,0
55,B,173,127,0
96,B,174,127,0
70,B,175,127,0
55,B,176,127,0
68,B,177,127,0
82,B,178,127,0
70,B,179,127,0
125,A,180,127,0
125,A,181,127,0
110,A,182,127,0
124,A,183,127,0
97,A,184,127,0
138,A,185,127,0
69,A,186,127,0
110,A,187,127,0
125,A,188,127,0
115,B,78,128,0
115,B,79,128,0
87,B,80,128,0
100,B,81,128,0
100,B,82,128,0
71,B,83,128,0
19,B,84,128,0
45,B,85,128,0
102,B,86,128,0
72,B,87,128,0
72,B,88,128,0
19,B,89,128,0
114,B,90,128,0
102,B,91,128,0
73,B,92,128,0
87,B,93,128,0
72,B,94,128,0
59,B,95,128,0
89,B,96,128,0
73,B,97,128,0
72,B,98,128,0
86,B,99,128,0
86,B,100,128,0
101,B,101,128,0
101,B,102,128,0
48,A,103,128,0
46,A,104,128,0
46,A,105,128,0
47,A,106,128,0
88,A,107,128,0
48,A,108,128,0
48,A,109,128,0
47,A,110,128,0
60,A,111,128,0
48,A,112,128,0
61,A,113,128,0
103,A,114,128,0
103,A,115,128,0
103,A,116,128,0
47,A,117,128,0
103,A,118,128,0
116,A,119,128,0
47,A,120,128,0
61,A,121,128,0
47,A,122,128,0
63,B,123,128,0
63,B,124,128,0
108,B,125,128,0
92,B,126,128,0
92,B,127,128,0
34,B,128,128,0
77,B,129,128,0
94,B,130,128,0
77,B,131,128,0
92,B,132,128,0
76,B,133,128,0
79,B,134,128,0
90,B,135,128,0
52,B,136,128,0
79,B,137,128,0
90,B,138,128,0
77,B,139,128,0
51,B,140,128,0
79,B,141,128,0
92,B,142,128,0
25,B,143,128,0
108,B,144,128,0
78,B,145,128,0
78,B,146,128,0
79,B,147,128,0
25,B,148,128,0
94,B,149,128,0
66,B,150,128,0
51,B,151,128,0
94,B,152,128,0
80,B,153,128,0
91,B,154,128,0
108,B,155,128,0
92,B,156,128,0
55,B,157,128,0
94,B,158,128,0
91,B,159,128,0
96,B,160,128,0
25,B,161,128,0
25,B,162,128,0
76,B,163,128,0
111,B,164,128,0
94,B,165,128,0
55,B,166,128,0
68,B,167,128,0
68,B,168,128,0
68,B,169,128,0
96,B,170,128,0
82,B,171,128,0
122,B,172,128,0
68,B,173,128,0
68,B,174,128,0
111,B,175,128,0
83,B,176,128,0
83,B,177,128,0
55,B,178,128,0
125,A,179,128,0
125,A,180,128,0
112,A,181,128,0
84,A,182,128,0
97,A,183,128,0
138,A,184,128,0
138,A,185,128,0
110,A,186,128,0
110,A,187,128,0
97,A,188,128,0
84,A,189,128,0
115,B,78,129,0
87,B,79,129,0
101,B,80,129,0
72,B,81,129,0
71,B,82,129,0
102,B,83,129,0
19,B,84,129,0
71,B,85,129,0
45,B,86,129,0
114,B,87,129,0
72,B,88,129,0
89,B,89,129,0
73,B,90,129,0
114,B,91,129,0
89,B,92,129,0
99,B,93,129,0
87,B,94,129,0
99,B,95,129,0
86,B,96,129,0
89,B,97,129,0
100,B,98,129,0
100,B,99,129,0
73,B,100,129,0
101,B,101,129,0
71,B,102,129,0
89,B,103,129,0
48,A,104,129,0
47,A,105,129,0
88,A,106,129,0
74,A,107,129,0
118,A,108,129,0
48,A,109,129,0
60,A,110,129,0
60,A,111,129,0
46,A,112,129,0
103,A,113,129,0
61,A,114,129,0
103,A,115,129,0
48,A,116,129,0
48,A,117,129,0
103,A,118,129,0
116,A,119,129,0
61,A,120,129,0
117,A,121,129,0
47,A,122,129,0
47,A,123,129,0
78,B,124,129,0
78,B,125,129,0
108,B,126,129,0
92,B,127,129,0
49,B,128,129,0
34,B,129,129,0
77,B,130,129,0
63,B,131,129,0
63,B,132,129,0
90,B,133,129,0
76,B,134,129,0
94,B,135,129,0
79,B,136,129,0
79,B,137,129,0
90,B,138,129,0
52,B,139,129,0
94,B,140,129,0
108,B,141,129,0
90,B,142,129,0
92,B,143,129,0
25,B,144,129,0
109,B,145,129,0
77,B,146,129,0
66,B,147,129,0
122,B,148,129,0
25,B,149,129,0
51,B,150,129,0
66,B,151,129,0
123,B,152,129,0
91,B,153,129,0
80,B,154,129,0
70,B,155,129,0
83,B,156,129,0
83,B,157,129,0
96,B,158,129,0
122,B,159,129,0
68,B,160,129,0
68,B,161,129,0
83,B,162,129,0
82,B,163,129,0
82,B,164,129,0
94,B,165,129,0
55,B,166,129,0
111,B,167,129,0
83,B,168,129,0
55,B,169,129,0
82,B,170,129,0
82,B,171,129,0
111,B,172,129,0
68,B,173,129,0
122,B,174,129,0
82,B,175,129,0
111,B,176,129,0
111,B,177,129,0
84,A,178,129,0
84,A,179,129,0
95,A,180,129,0
112,A,181,129,0
84,A,182,129,0
69,A,183,129,0
84,A,184,129,0
138,A,185,129,0
112,A,186,129,0
112,A,187,129,0
97,A,188,129,0
84,A,189,129,0
73,B,78,130,0
72,B,79,130,0
87,B,80,130,0
101,B,81,130,0
102,B,82,130,0
99,B,83,130,0
19,B,84,130,0
34,B,85,130,0
102,B,86,130,0
45,B,87,130,0
114,B,88,130,0
59,B,89,130,0
73,B,90,130,0
100,B,91,130,0
59,B,92,130,0
72,B,93,130,0
99,B,94,130,0
101,B,95,130,0
73,B,96,130,0
102,B,97,130,0
89,B,98,130,0
87,B,99,130,0
99,B,100,130,0
101,B,101,130,0
71,B,102,130,0
71,B,103,130,0
48,A,104,130,0
88,A,105,130,0
74,A,106,130,0
118,A,107,130,0
60,A,108,130,0
46,A,109,130,0
74,A,110,130,0
60,A,111,130,0
47,A,112,130,0
46,A,113,130,0
116,A,114,130,0
61,A,115,130,0
46,A,116,130,0
103,A,117,130,0
103,A,118,130,0
105,A,119,130,0
117,A,120,130,0
48,A,121,130,0
48,A,122,130,0
117,A,123,130,0
77,B,124,130,0
76,B,125,130,0
108,B,126,130,0
77,B,127,130,0
108,B,128,130,0
49,B,129,130,0
92,B,130,130,0
76,B,131,130,0
90,B,132,130,0
92,B,133,130,0
109,B,134,130,0
94,B,135,130,0
79,B,136,130,0
90,B,137,130,0
52,B,138,130,0
94,B,139,130,0
76,B,140,130,0
77,B,141,130,0
80,B,142,130,0
51,B,143,130,0
92,B,144,130,0
70,B,145,130,0
83,B,146,130,0
70,B,147,130,0
70,B,148,130,0
122,B,149,130,0
122,B,150,130,0
66,B,151,130,0
91,B,152,130,0
108,B,153,130,0
66,B,154,130,0
66,B,155,130,0
66,B,156,130,0
70,B,157,130,0
70,B,158,130,0
122,B,159,130,0
122,B,160,130,0
83,B,161,130,0
96,B,162,130,0
96,B,163,130,0
25,B,164,130,0
25,B,165,130,0
70,B,166,130,0
83,B,167,130,0
96,B,168,130,0
55,B,169,130,0
55,B,170,130,0
111,B,171,130,0
96,B,172,130,0
96,B,173,130,0
122,B,174,130,0
55,B,175,130,0
82,B,176,130,0
95,A,177,130,0
95,A,178,130,0
84,A,179,130,0
95,A,180,130,0
97,A,181,130,0
84,A,182,130,0
98,A,183,130,0
124,A,184,130,0
84,A,185,130,0
112,A,186,130,0
112,A,187,130,0
95,A,188,130,0
84,A,189,130,0
72,B,78,131,0
73,B,79,131,0
71,B,80,131,0
99,B,81,131,0
45,B,82,131,0
99,B,83,131,0
99,B,84,131,0
115,B,85,131,0
34,B,86,131,0
102,B,87,131,0
45,B,88,131,0
114,B,89,131,0
100,B,90,131,0
87,B,91,131,0
114,B,92,131,0
72,B,93,131,0
101,B,94,131,0
73,B,95,131,0
102,B,96,131,0
87,B,97,131,0
87,B,98,131,0
71,B,99,131,0
72,B,100,131,0
99,B,101,131,0
73,B,102,131,0
71,B,103,131,0
47,A,104,131,0
104,A,105,131,0
74,A,106,131,0
74,A,107,131,0
60,A,108,131,0
46,A,109,131,0
46,A,110,131,0
47,A,111,131,0
60,A,112,131,0
74,A,113,131,0
61,A,114,131,0
46,A,115,131,0
61,A,116,131,0
75,A,117,131,0
116,A,118,131,0
105,A,119,131,0
117,A,120,131,0
61,A,121,131,0
117,A,122,131,0
117,A,123,131,0
46,A,124,131,0
77,B,125,131,0
63,B,126,131,0
78,B,127,131,0
78,B,128,131,0
108,B,129,131,0
108,B,130,131,0
78,B,131,131,0
76,B,132,131,0
51,B,133,131,0
109,B,134,131,0
63,B,135,131,0
77,B,136,131,0
90,B,137,131,0
76,B,138,131,0
76,B,139,131,0
90,B,140,131,0
90,B,141,131,0
77,B,142,131,0
51,B,143,131,0
77,B,144,131,0
108,B,145,131,0
70,B,146,131,0
121,B,147,131,0
121,B,148,131,0
121,B,149,131,0
109,B,150,131,0
92,B,151,131,0
51,B,152,131,0
51,B,153,131,0
90,B,154,131,0
92,B,155,131,0
92,B,156,131,0
92,B,157,131,0
70,B,158,131,0
109,B,159,131,0
96,B,160,131,0
122,B,161,131,0
123,B,162,131,0
111,B,163,131,0
55,B,164,131,0
70,B,165,131,0
83,B,166,131,0
111,B,167,131,0
68,B,168,131,0
68,B,169,131,0
79,B,170,131,0
55,B,171,131,0
92,B,172,131,0
96,B,173,131,0
111,B,174,131,0
68,B,175,131,0
125,A,176,131,0
95,A,177,131,0
125,A,178,131,0
69,A,179,131,0
112,A,180,131,0
112,A,181,131,0
97,A,182,131,0
125,A,183,131,0
125,A,184,131,0
124,A,185,131,0
84,A,186,131,0
138,A,187,131,0
97,A,188,131,0
95,A,189,131,0
87,B,78,132,0
59,B,79,132,0
71,B,80,132,0
102,B,81,132,0
72,B,82,132,0
87,B,83,132,0
87,B,84,132,0
34,B,85,132,0
59,B,86,132,0
102,B,87,132,0
99,B,88,132,0
100,B,89,132,0
115,B,90,132,0
101,B,91,132,0
114,B,92,132,0
87,B,93,132,0
86,B,94,132,0
101,B,95,132,0
102,B,96,132,0
87,B,97,132,0
59,B,98,132,0
87,B,99,132,0
89,B,100,132,0
73,B,101,132,0
71,B,102,132,0
87,B,103,132,0
104,A,104,132,0
60,A,105,132,0
48,A,106,132,0
48,A,107,132,0
104,A,108,132,0
118,A,109,132,0
47,A,110,132,0
47,A,111,132,0
74,A,112,132,0
46,A,113,132,0
88,A,114,132,0
105,A,115,132,0
46,A,116,132,0
48,A,117,132,0
47,A,118,132,0
117,A,119,132,0
116,A,120,132,0
88,A,121,132,0
61,A,122,132,0
104,A,123,132,0
46,A,124,132,0
77,B,125,132,0
79,B,126,132,0
90,B,127,132,0
78,B,128,132,0
89,B,129,132,0
90,B,130,132,0
94,B,131,132,0
94,B,132,132,0
79,B,133,132,0
63,B,134,132,0
77,B,135,132,0
77,B,136,132,0
78,B,137,132,0
76,B,138,132,0
76,B,139,132,0
90,B,140,132,0
80,B,141,132,0
80,B,142,132,0
83,B,143,132,0
77,B,144,132,0
108,B,145,132,0
78,B,146,132,0
92,B,147,132,0
77,B,148,132,0
109,B,149,132,0
68,B,150,132,0
92,B,151,132,0
111,B,152,132,0
83,B,153,132,0
51,B,154,132,0
91,B,155,132,0
111,B,156,132,0
80,B,157,132,0
66,B,158,132,0
96,B,159,132,0
109,B,160,132,0
123,B,161,132,0
123,B,162,132,0
121,B,163,132,0
55,B,164,132,0
83,B,165,132,0
111,B,166,132,0
82,B,167,132,0
121,B,168,132,0
94,B,169,132,0
121,B,170,132,0
92,B,171,132,0
70,B,172,132,0
111,B,173,132,0
68,B,174,132,0
111,B,175,132,0
95,A,176,132,0
125,A,177,132,0
69,A,178,132,0
69,A,179,132,0
69,A,180,132,0
112,A,181,132,0
110,A,182,132,0
97,A,183,132,0
98,A,184,132,0
84,A,185,132,0
124,A,186,132,0
97,A,187,132,0
98,A,188,132,0
95,A,189,132,0
73,B,78,133,0
59,B,79,133,0
102,B,80,133,0
72,B,81,133,0
86,B,82,133,0
86,B,83,133,0
73,B,84,133,0
59,B,85,133,0
73,B,86,133,0
73,B,87,133,0
71,B,88,133,0
99,B,89,133,0
115,B,90,133,0
115,B,91,133,0
59,B,92,133,0
114,B,93,133,0
86,B,94,133,0
114,B,95,133,0
89,B,96,133,0
102,B,97,133,0
59,B,98,133,0
99,B,99,133,0
86,B,100,133,0
89,B,101,133,0
87,B,102,133,0
115,B,103,133,0
74,A,104,133,0
104,A,105,133,0
48,A,106,133,0
104,A,107,133,0
61,A,108,133,0
75,A,109,133,0
75,A,110,133,0
60,A,111,133,0
74,A,112,133,0
88,A,113,133,0
88,A,114,133,0
116,A,115,133,0
47,A,116,133,0
75,A,117,133,0
48,A,118,133,0
88,A,119,133,0
48,A,120,133,0
61,A,121,133,0
75,A,122,133,0
46,A,123,133,0
61,A,124,133,0
75,A,125,133,0
108,B,126,133,0
108,B,127,133,0
90,B,128,133,0
89,B,129,133,0
89,B,130,133,0
90,B,131,133,0
76,B,132,133,0
89,B,133,133,0
79,B,134,133,0
79,B,135,133,0
51,B,136,133,0
78,B,137,133,0
78,B,138,133,0
77,B,139,133,0
108,B,140,133,0
108,B,141,133,0
63,B,142,133,0
77,B,143,133,0
82,B,144,133,0
63,B,145,133,0
63,B,146,133,0
77,B,147,133,0
91,B,148,133,0
68,B,149,133,0
68,B,150,133,0
111,B,151,133,0
66,B,152,133,0
83,B,153,133,0
82,B,154,133,0
111,B,155,133,0
111,B,156,133,0
80,B,157,133,0
96,B,158,133,0
92,B,159,133,0
111,B,160,133,0
70,B,161,133,0
108,B,162,133,0
147,B,163,133,0
83,B,164,133,0
111,B,165,133,0
82,B,166,133,0
147,B,167,133,0
55,B,168,133,0
55,B,169,133,0
70,B,170,133,0
83,B,171,133,0
121,B,172,133,0
70,B,173,133,0
111,B,174,133,0
110,A,175,133,0
110,A,176,133,0
98,A,177,133,0
125,A,178,133,0
125,A,179,133,0
125,A,180,133,0
69,A,181,133,0
98,A,182,133,0
126,A,183,133,0
98,A,184,133,0
84,A,185,133,0
95,A,186,133,0
97,A,187,133,0
124,A,188,133,0
98,A,189,133,0
59,B,78,134,0
102,B,79,134,0
72,B,80,134,0
73,B,81,134,0
71,B,82,134,0
45,B,83,134,0
59,B,84,134,0
45,B,85,134,0
45,B,86,134,0
86,B,87,134,0
87,B,88,134,0
59,B,89,134,0
73,B,90,134,0
87,B,91,134,0
59,B,92,134,0
87,B,93,134,0
114,B,94,134,0
71,B,95,134,0
101,B,96,134,0
101,B,97,134,0
71,B,98,134,0
71,B,99,134,0
86,B,100,134,0
86,B,101,134,0
86,B,102,134,0
115,B,103,134,0
118,A,104,134,0
74,A,105,134,0
104,A,106,134,0
118,A,107,134,0
61,A,108,134,0
75,A,109,134,0
118,A,110,134,0
60,A,111,134,0
47,A,112,134,0
103,A,113,134,0
105,A,114,134,0
105,A,115,134,0
107,A,116,134,0
47,A,117,134,0
103,A,118,134,0
47,A,119,134,0
61,A,120,134,0
48,A,121,134,0
117,A,122,134,0
117,A,123,134,0
61,A,124,134,0
61,A,125,134,0
76,B,126,134,0
76,B,127,134,0
108,B,128,134,0
78,B,129,134,0
78,B,130,134,0
76,B,131,134,0
76,B,132,134,0
76,B,133,134,0
109,B,134,134,0
109,B,135,134,0
76,B,136,134,0
108,B,137,134,0
78,B,138,134,0
77,B,139,134,0
91,B,140,134,0
78,B,141,134,0
63,B,142,134,0
108,B,143,134,0
83,B,144,134,0
82,B,145,134,0
63,B,146,134,0
91,B,147,134,0
70,B,148,134,0
70,B,149,134,0
80,B,150,134,0
80,B,151,134,0
80,B,152,134,0
66,B,153,134,0
82,B,154,134,0
82,B,155,134,0
91,B,156,134,0
122,B,157,134,0
92,B,158,134,0
147,B,159,134,0
92,B,160,134,0
91,B,161,134,0
70,B,162,134,0
83,B,163,134,0
147,B,164,134,0
70,B,165,134,0
68,B,166,134,0
123,B,167,134,0
147,B,168,134,0
70,B,169,134,0
55,B,170,134,0
55,B,171,134,0
121,B,172,134,0
70,B,173,134,0
138,A,174,134,0
110,A,175,134,0
110,A,176,134,0
98,A,177,134,0
98,A,178,134,0
112,A,179,134,0
112,A,180,134,0
69,A,181,134,0
126,A,182,134,0
112,A,183,134,0
112,A,184,134,0
84,A,185,134,0
126,A,186,134,0
84,A,187,134,0
95,A,188,134,0
126,A,189,134,0
71,B,78,135,0
59,B,79,135,0
99,B,80,135,0
71,B,81,135,0
45,B,82,135,0
87,B,83,135,0
71,B,84,135,0
45,B,85,135,0
45,B,86,135,0
72,B,87,135,0
128,B,88,135,0
102,B,89,135,0
73,B,90,135,0
73,B,91,135,0
87,B,92,135,0
101,B,93,135,0
89,B,94,135,0
100,B,95,135,0
86,B,96,135,0
71,B,97,135,0
87,B,98,135,0
87,B,99,135,0
101,B,100,135,0
71,B,101,135,0
71,B,102,135,0
86,B,103,135,0
48,A,104,135,0
46,A,105,135,0
61,A,106,135,0
104,A,107,135,0
75,A,108,135,0
118,A,109,135,0
60,A,110,135,0
118,A,111,135,0
116,A,112,135,0
103,A,113,135,0
105,A,114,135,0
88,A,115,135,0
88,A,116,135,0
103,A,117,135,0
103,A,118,135,0
104,A,119,135,0
104,A,120,135,0
117,A,121,135,0
46,A,122,135,0
116,A,123,135,0
75,A,124,135,0
46,A,125,135,0
61,A,126,135,0
76,B,127,135,0
49,B,128,135,0
78,B,129,135,0
76,B,130,135,0
63,B,131,135,0
109,B,132,135,0
92,B,133,135,0
80,B,134,135,0
90,B,135,135,0
108,B,136,135,0
108,B,137,135,0
90,B,138,135,0
90,B,139,135,0
78,B,140,135,0
78,B,141,135,0
80,B,142,135,0
108,B,143,135,0
78,B,144,135,0
63,B,145,135,0
82,B,146,135,0
90,B,147,135,0
70,B,148,135,0
80,B,149,135,0
91,B,150,135,0
109,B,151,135,0
92,B,152,135,0
92,B,153,135,0
83,B,154,135,0
80,B,155,135,0
122,B,156,135,0
122,B,157,135,0
83,B,158,135,0
96,B,159,135,0
158,B,160,135,0
91,B,161,135,0
158,B,162,135,0
147,B,163,135,0
92,B,164,135,0
55,B,165,135,0
70,B,166,135,0
79,B,167,135,0
123,B,168,135,0
96,B,169,135,0
96,B,170,135,0
111,B,171,135,0
111,B,172,135,0
98,A,173,135,0
138,A,174,135,0
138,A,175,135,0
84,A,176,135,0
110,A,177,135,0
98,A,178,135,0
110,A,179,135,0
97,A,180,135,0
97,A,181,135,0
97,A,182,135,0
112,A,183,135,0
84,A,184,135,0
126,A,185,135,0
69,A,186,135,0
95,A,187,135,0
112,A,188,135,0
98,A,189,135,0
72,B,78,136,0
71,B,79,136,0
87,B,80,136,0
89,B,81,136,0
100,B,82,136,0
99,B,83,136,0
71,B,84,136,0
115,B,85,136,0
115,B,86,136,0
128,B,87,136,0
72,B,88,136,0
86,B,89,136,0
115,B,90,136,0
100,B,91,136,0
73,B,92,136,0
101,B,93,136,0
101,B,94,136,0
100,B,95,136,0
72,B,96,136,0
72,B,97,136,0
59,B,98,136,0
99,B,99,136,0
101,B,100,136,0
59,B,101,136,0
115,B,102,136,0
86,B,103,136,0
48,A,104,136,0
46,A,105,136,0
61,A,106,136,0
47,A,107,136,0
116,A,108,136,0
60,A,109,136,0
47,A,110,136,0
116,A,111,136,0
75,A,112,136,0
75,A,113,136,0
48,A,114,136,0
116,A,115,136,0
88,A,116,136,0
116,A,117,136,0
107,A,118,136,0
61,A,119,136,0
104,A,120,136,0
75,A,121,136,0
46,A,122,136,0
74,A,123,136,0
104,A,124,136,0
46,A,125,136,0
131,A,126,136,0
76,B,127,136,0
49,B,128,136,0
49,B,129,136,0
49,B,130,136,0
90,B,131,136,0
78,B,132,136,0
92,B,133,136,0
51,B,134,136,0
80,B,135,136,0
62,B,136,136,0
91,B,137,136,0
79,B,138,136,0
79,B,139,136,0
109,B,140,136,0
79,B,141,136,0
91,B,142,136,0
78,B,143,136,0
79,B,144,136,0
79,B,145,136,0
79,B,146,136,0
82,B,147,136,0
80,B,148,136,0
111,B,149,136,0
91,B,150,136,0
109,B,151,136,0
82,B,152,136,0
92,B,153,136,0
90,B,154,136,0
96,B,155,136,0
92,B,156,136,0
68,B,157,136,0
55,B,158,136,0
96,B,159,136,0
147,B,160,136,0
111,B,161,136,0
121,B,162,136,0
96,B,163,136,0
92,B,164,136,0
108,B,165,136,0
147,B,166,136,0
123,B,167,136,0
122,B,168,136,0
122,B,169,136,0
108,B,170,136,0
70,B,171,136,0
122,B,172,136,0
98,A,173,136,0
84,A,174,136,0
84,A,175,136,0
138,A,176,136,0
110,A,177,136,0
84,A,178,136,0
112,A,179,136,0
112,A,180,136,0
95,A,181,136,0
56,A,182,136,0
124,A,183,136,0
124,A,184,136,0
97,A,185,136,0
126,A,186,136,0
69,A,187,136,0
95,A,188,136,0
98,A,189,136,0
89,B,78,137,0
101,B,79,137,0
87,B,80,137,0
87,B,81,137,0
89,B,82,137,0
100,B,83,137,0
72,B,84,137,0
87,B,85,137,0
99,B,86,137,0
71,B,87,137,0
73,B,88,137,0
72,B,89,137,0
100,B,90,137,0
100,B,91,137,0
128,B,92,137,0
59,B,93,137,0
71,B,94,137,0
72,B,95,137,0
72,B,96,137,0
71,B,97,137,0
114,B,98,137,0
161,B,99,137,0
99,B,100,137,0
59,B,101,137,0
72,B,102,137,0
128,B,103,137,0
118,A,104,137,0
116,A,105,137,0
118,A,106,137,0
47,A,107,137,0
116,A,108,137,0
75,A,109,137,0
61,A,110,137,0
47,A,111,137,0
88,A,112,137,0
116,A,113,137,0
47,A,114,137,0
48,A,115,137,0
116,A,116,137,0
74,A,117,137,0
61,A,118,137,0
61,A,119,137,0
131,A,120,137,0
61,A,121,137,0
107,A,122,137,0
74,A,123,137,0
88,A,124,137,0
104,A,125,137,0
131,A,126,137,0
46,A,127,137,0
74,A,128,137,0
49,B,129,137,0
109,B,130,137,0
78,B,131,137,0
90,B,132,137,0
76,B,133,137,0
76,B,134,137,0
51,B,135,137,0
80,B,136,137,0
90,B,137,137,0
94,B,138,137,0
94,B,139,137,0
94,B,140,137,0
109,B,141,137,0
83,B,142,137,0
90,B,143,137,0
90,B,144,137,0
79,B,145,137,0
121,B,146,137,0
94,B,147,137,0
111,B,148,137,0
96,B,149,137,0
122,B,150,137,0
82,B,151,137,0
82,B,152,137,0
122,B,153,137,0
90,B,154,137,0
147,B,155,137,0
134,B,156,137,0
147,B,157,137,0
55,B,158,137,0
134,B,159,137,0
96,B,160,137,0
68,B,161,137,0
68,B,162,137,0
92,B,163,137,0
123,B,164,137,0
68,B,165,137,0
68,B,166,137,0
70,B,167,137,0
55,B,168,137,0
122,B,169,137,0
108,B,170,137,0
122,B,171,137,0
95,A,172,137,0
112,A,173,137,0
84,A,174,137,0
84,A,175,137,0
110,A,176,137,0
84,A,177,137,0
124,A,178,137,0
112,A,179,137,0
112,A,180,137,0
56,A,181,137,0
81,A,182,137,0
124,A,183,137,0
112,A,184,137,0
112,A,185,137,0
97,A,186,137,0
126,A,187,137,0
98,A,188,137,0
125,A,189,137,0
89,B,78,138,0
99,B,79,138,0
115,B,80,138,0
115,B,81,138,0
89,B,82,138,0
59,B,83,138,0
72,B,84,138,0
99,B,85,138,0
100,B,86,138,0
114,B,87,138,0
73,B,88,138,0
87,B,89,138,0
115,B,90,138,0
128,B,91,138,0
59,B,92,138,0
99,B,93,138,0
87,B,94,138,0
87,B,95,138,0
102,B,96,138,0
86,B,97,138,0
71,B,98,138,0
101,B,99,138,0
101,B,100,138,0
89,B,101,138,0
72,B,102,138,0
128,B,103,138,0
115,B,104,138,0
47,A,105,138,0
116,A,106,138,0
104,A,107,138,0
104,A,108,138,0
48,A,109,138,0
47,A,110,138,0
61,A,111,138,0
47,A,112,138,0
88,A,113,138,0
48,A,114,138,0
47,A,115,138,0
74,A,116,138,0
116,A,117,138,0
107,A,118,138,0
103,A,119,138,0
74,A,120,138,0
131,A,121,138,0
61,A,122,138,0
74,A,123,138,0
60,A,124,138,0
88,A,125,138,0
74,A,126,138,0
131,A,127,138,0
74,A,128,138,0
131,A,129,138,0
94,B,130,138,0
63,B,131,138,0
63,B,132,138,0
78,B,133,138,0
78,B,134,138,0
49,B,135,138,0
90,B,136,138,0
91,B,137,138,0
91,B,138,138,0
94,B,139,138,0
109,B,140,138,0
76,B,141,138,0
90,B,142,138,0
63,B,143,138,0
63,B,144,138,0
78,B,145,138,0
90,B,146,138,0
121,B,147,138,0
96,B,148,138,0
78,B,149,138,0
96,B,150,138,0
83,B,151,138,0
109,B,152,138,0
122,B,153,138,0
83,B,154,138,0
68,B,155,138,0
147,B,156,138,0
134,B,157,138,0
134,B,158,138,0
70,B,159,138,0
158,B,160,138,0
83,B,161,138,0
68,B,162,138,0
82,B,163,138,0
82,B,164,138,0
96,B,165,138,0
70,B,166,138,0
108,B,167,138,0
158,B,168,138,0
82,B,169,138,0
96,B,170,138,0
110,A,171,138,0
95,A,172,138,0
138,A,173,138,0
125,A,174,138,0
125,A,175,138,0
138,A,176,138,0
138,A,177,138,0
124,A,178,138,0
84,A,179,138,0
110,A,180,138,0
56,A,181,138,0
124,A,182,138,0
95,A,183,138,0
112,A,184,138,0
97,A,185,138,0
95,A,186,138,0
97,A,187,138,0
126,A,188,138,0
98,A,189,138,0
73,B,78,139,0
71,B,79,139,0
99,B,80,139,0
89,B,81,139,0
59,B,82,139,0
128,B,83,139,0
72,B,84,139,0
45,B,85,139,0
89,B,86,139,0
114,B,87,139,0
99,B,88,139,0
99,B,89,139,0
115,B,90,139,0
102,B,91,139,0
102,B,92,139,0
59,B,93,139,0
87,B,94,139,0
114,B,95,139,0
86,B,96,139,0
100,B,97,139,0
86,B,98,139,0
59,B,99,139,0
161,B,100,139,0
87,B,101,139,0
89,B,102,139,0
115,B,103,139,0
115,B,104,139,0
61,A,105,139,0
47,A,106,139,0
48,A,107,139,0
104,A,108,139,0
104,A,109,139,0
75,A,110,139,0
75,A,111,139,0
46,A,112,139,0
48,A,113,139,0
46,A,114,139,0
48,A,115,139,0
47,A,116,139,0
116,A,117,139,0
48,A,118,139,0
60,A,119,139,0
103,A,120,139,0
61,A,121,139,0
60,A,122,139,0
60,A,123,139,0
104,A,124,139,0
104,A,125,139,0
74,A,126,139,0
104,A,127,139,0
61,A,128,139,0
74,A,129,139,0
116,A,130,139,0
94,B,131,139,0
109,B,132,139,0
92,B,133,139,0
78,B,134,139,0
90,B,135,139,0
76,B,136,139,0
91,B,137,139,0
49,B,138,139,0
92,B,139,139,0
94,B,140,139,0
91,B,141,139,0
91,B,142,139,0
122,B,143,139,0
83,B,144,139,0
80,B,145,139,0
90,B,146,139,0
96,B,147,139,0
83,B,148,139,0
83,B,149,139,0
78,B,150,139,0
91,B,151,139,0
134,B,152,139,0
90,B,153,139,0
134,B,154,139,0
68,B,155,139,0
147,B,156,139,0
80,B,157,139,0
80,B,158,139,0
55,B,159,139,0
83,B,160,139,0
137,B,161,139,0
121,B,162,139,0
55,B,163,139,0
68,B,164,139,0
123,B,165,139,0
70,B,166,139,0
82,B,167,139,0
108,B,168,139,0
158,B,169,139,0
82,B,170,139,0
110,A,171,139,0
84,A,172,139,0
138,A,173,139,0
112,A,174,139,0
138,A,175,139,0
138,A,176,139,0
138,A,177,139,0
84,A,178,139,0
84,A,179,139,0
124,A,180,139,0
110,A,181,139,0
84,A,182,139,0
97,A,183,139,0
97,A,184,139,0
95,A,185,139,0
95,A,186,139,0
56,A,187,139,0
126,A,188,139,0
98,A,189,139,0
73,B,78,140,0
71,B,79,140,0
101,B,80,140,0
59,B,81,140,0
59,B,82,140,0
99,B,83,140,0
128,B,84,140,0
128,B,85,140,0
114,B,86,140,0
99,B,87,140,0
89,B,88,140,0
114,B,89,140,0
114,B,90,140,0
102,B,91,140,0
71,B,92,140,0
71,B,93,140,0
114,B,94,140,0
114,B,95,140,0
161,B,96,140,0
99,B,97,140,0
59,B,98,140,0
161,B,99,140,0
161,B,100,140,0
86,B,101,140,0
86,B,102,140,0
100,B,103,140,0
115,B,104,140,0
118,A,105,140,0
48,A,106,140,0
47,A,107,140,0
118,A,108,140,0
104,A,109,140,0
74,A,110,140,0
75,A,111,140,0
47,A,112,140,0
46,A,113,140,0
74,A,114,140,0
129,A,115,140,0
61,A,116,140,0
47,A,117,140,0
60,A,118,140,0
88,A,119,140,0
129,A,120,140,0
103,A,121,140,0
60,A,122,140,0
88,A,123,140,0
105,A,124,140,0
105,A,125,140,0
105,A,126,140,0
107,A,127,140,0
61,A,128,140,0
116,A,129,140,0
116,A,130,140,0
131,A,131,140,0
92,B,132,140,0
92,B,133,140,0
94,B,134,140,0
77,B,135,140,0
109,B,136,140,0
109,B,137,140,0
109,B,138,140,0
77,B,139,140,0
63,B,140,140,0
83,B,141,140,0
83,B,142,140,0
76,B,143,140,0
136,B,144,140,0
79,B,145,140,0
80,B,146,140,0
136,B,147,140,0
136,B,148,140,0
121,B,149,140,0
91,B,150,140,0
91,B,151,140,0
90,B,152,140,0
147,B,153,140,0
137,B,154,140,0
137,B,155,140,0
80,B,156,140,0
111,B,157,140,0
80,B,158,140,0
55,B,159,140,0
137,B,160,140,0
82,B,161,140,0
55,B,162,140,0
68,B,163,140,0
68,B,164,140,0
121,B,165,140,0
123,B,166,140,0
96,B,167,140,0
96,B,168,140,0
158,B,169,140,0
98,A,170,140,0
84,A,171,140,0
95,A,172,140,0
112,A,173,140,0
56,A,174,140,0
84,A,175,140,0
126,A,176,140,0
124,A,177,140,0
81,A,178,140,0
138,A,179,140,0
138,A,180,140,0
69,A,181,140,0
69,A,182,140,0
126,A,183,140,0
110,A,184,140,0
124,A,185,140,0
124,A,186,140,0
56,A,187,140,0
98,A,188,140,0
95,A,189,140,0
115,B,78,141,0
73,B,79,141,0
115,B,80,141,0
115,B,81,141,0
86,B,82,141,0
86,B,83,141,0
128,B,84,141,0
99,B,85,141,0
71,B,86,141,0
86,B,87,141,0
99,B,88,141,0
141,B,89,141,0
100,B,90,141,0
101,B,91,141,0
115,B,92,141,0
72,B,93,141,0
72,B,94,141,0
86,B,95,141,0
99,B,96,141,0
161,B,97,141,0
115,B,98,141,0
115,B,99,141,0
128,B,100,141,0
128,B,101,141,0
128,B,102,141,0
73,B,103,141,0
73,B,104,141,0
61,A,105,141,0
48,A,106,141,0
118,A,107,141,0
46,A,108,141,0
74,A,109,141,0
61,A,110,141,0
47,A,111,141,0
47,A,112,141,0
106,A,113,141,0
60,A,114,141,0
47,A,115,141,0
47,A,116,141,0
88,A,117,141,0
88,A,118,141,0
129,A,119,141,0
129,A,120,141,0
105,A,121,141,0
61,A,122,141,0
104,A,123,141,0
131,A,124,141,0
105,A,125,141,0
75,A,126,141,0
106,A,127,141,0
107,A,128,141,0
75,A,129,141,0
131,A,130,141,0
131,A,131,141,0
105,A,132,141,0
91,B,133,141,0
76,B,134,141,0
76,B,135,141,0
94,B,136,141,0
94,B,137,141,0
66,B,138,141,0
148,B,139,141,0
77,B,140,141,0
91,B,141,141,0
148,B,142,141,0
90,B,143,141,0
136,B,144,141,0
123,B,145,141,0
121,B,146,141,0
91,B,147,141,0
91,B,148,141,0
121,B,149,141,0
147,B,150,141,0
122,B,151,141,0
77,B,152,141,0
147,B,153,141,0
77,B,154,141,0
68,B,155,141,0
137,B,156,141,0
137,B,157,141,0
111,B,158,141,0
121,B,159,141,0
158,B,160,141,0
82,B,161,141,0
123,B,162,141,0
55,B,163,141,0
134,B,164,141,0
134,B,165,141,0
147,B,166,141,0
147,B,167,141,0
147,B,168,141,0
55,B,169,141,0
112,A,170,141,0
95,A,171,141,0
110,A,172,141,0
110,A,173,141,0
56,A,174,141,0
84,A,175,141,0
126,A,176,141,0
126,A,177,141,0
124,A,178,141,0
56,A,179,141,0
97,A,180,141,0
69,A,181,141,0
126,A,182,141,0
110,A,183,141,0
124,A,184,141,0
126,A,185,141,0
56,A,186,141,0
56,A,187,141,0
95,A,188,141,0
112,A,189,141,0
72,B,78,142,0
128,B,79,142,0
86,B,80,142,0
86,B,81,142,0
101,B,82,142,0
115,B,83,142,0
115,B,84,142,0
72,B,85,142,0
71,B,86,142,0
71,B,87,142,0
115,B,88,142,0
100,B,89,142,0
101,B,90,142,0
102,B,91,142,0
114,B,92,142,0
72,B,93,142,0
128,B,94,142,0
86,B,95,142,0
102,B,96,142,0
89,B,97,142,0
115,B,98,142,0
99,B,99,142,0
89,B,100,142,0
89,B,101,142,0
140,B,102,142,0
100,B,103,142,0
114,B,104,142,0
61,A,105,142,0
48,A,106,142,0
47,A,107,142,0
46,A,108,142,0
48,A,109,142,0
116,A,110,142,0
61,A,111,142,0
106,A,112,142,0
60,A,113,142,0
60,A,114,142,0
74,A,115,142,0
60,A,116,142,0
129,A,117,142,0
61,A,118,142,0
131,A,119,142,0
131,A,120,142,0
74,A,121,142,0
74,A,122,142,0
75,A,123,142,0
61,A,124,142,0
61,A,125,142,0
75,A,126,142,0
116,A,127,142,0
107,A,128,142,0
75,A,129,142,0
75,A,130,142,0
107,A,131,142,0
107,A,132,142,0
105,A,133,142,0
109,B,134,142,0
109,B,135,142,0
94,B,136,142,0
63,B,137,142,0
134,B,138,142,0
148,B,139,142,0
134,B,140,142,0
77,B,141,142,0
90,B,142,142,0
79,B,143,142,0
91,B,144,142,0
136,B,145,142,0
123,B,146,142,0
121,B,147,142,0
83,B,148,142,0
91,B,149,142,0
122,B,150,142,0
96,B,151,142,0
96,B,152,142,0
91,B,153,142,0
147,B,154,142,0
77,B,155,142,0
122,B,156,142,0
158,B,157,142,0
55,B,158,142,0
121,B,159,142,0
121,B,160,142,0
134,B,161,142,0
123,B,162,142,0
123,B,163,142,0
82,B,164,142,0
96,B,165,142,0
134,B,166,142,0
134,B,167,142,0
55,B,168,142,0
55,B,169,142,0
95,A,170,142,0
95,A,171,142,0
110,A,172,142,0
138,A,173,142,0
56,A,174,142,0
138,A,175,142,0
81,A,176,142,0
69,A,177,142,0
97,A,178,142,0
98,A,179,142,0
97,A,180,142,0
124,A,181,142,0
110,A,182,142,0
112,A,183,142,0
124,A,184,142,0
95,A,185,142,0
124,A,186,142,0
138,A,187,142,0
95,A,188,142,0
110,A,189,142,0
45,B,78,143,0
45,B,79,143,0
128,B,80,143,0
128,B,81,143,0
101,B,82,143,0
115,B,83,143,0
87,B,84,143,0
72,B,85,143,0
72,B,86,143,0
45,B,87,143,0
45,B,88,143,0
100,B,89,143,0
100,B,90,143,0
102,B,91,143,0
71,B,92,143,0
71,B,93,143,0
128,B,94,143,0
114,B,95,143,0
87,B,96,143,0
59,B,97,143,0
100,B,98,143,0
99,B,99,143,0
100,B,100,143,0
140,B,101,143,0
89,B,102,143,0
101,B,103,143,0
86,B,104,143,0
86,B,105,143,0
74,A,106,143,0
48,A,107,143,0
46,A,108,143,0
48,A,109,143,0
116,A,110,143,0
106,A,111,143,0
46,A,112,143,0
106,A,113,143,0
129,A,114,143,0
116,A,115,143,0
116,A,116,143,0
106,A,117,143,0
118,A,118,143,0
61,A,119,143,0
46,A,120,143,0
74,A,121,143,0
61,A,122,143,0
105,A,123,143,0
75,A,124,143,0
61,A,125,143,0
107,A,126,143,0
116,A,127,143,0
116,A,128,143,0
132,A,129,143,0
75,A,130,143,0
106,A,131,143,0
107,A,132,143,0
103,A,133,143,0
93,A,134,143,0
116,A,135,143,0
66,B,136,143,0
77,B,137,143,0
109,B,138,143,0
134,B,139,143,0
122,B,140,143,0
122,B,141,143,0
63,B,142,143,0
90,B,143,143,0
83,B,144,143,0
134,B,145,143,0
148,B,146,143,0
83,B,147,143,0
83,B,148,143,0
122,B,149,143,0
147,B,150,143,0
147,B,151,143,0
96,B,152,143,0
122,B,153,143,0
137,B,154,143,0
122,B,155,143,0
77,B,156,143,0
122,B,157,143,0
158,B,158,143,0
55,B,159,143,0
80,B,160,143,0
134,B,161,143,0
158,B,162,143,0
147,B,163,143,0
82,B,164,143,0
134,B,165,143,0
96,B,166,143,0
108,B,167,143,0
70,B,168,143,0
112,A,169,143,0
98,A,170,143,0
98,A,171,143,0
98,A,172,143,0
84,A,173,143,0
138,A,174,143,0
81,A,175,143,0
138,A,176,143,0
112,A,177,143,0
98,A,178,143,0
138,A,179,143,0
138,A,180,143,0
138,A,181,143,0
124,A,182,143,0
69,A,183,143,0
112,A,184,143,0
98,A,185,143,0
97,A,186,143,0
124,A,187,143,0
138,A,188,143,0
110,A,189,143,0
45,B,78,144,0
72,B,79,144,0
128,B,80,144,0
114,B,81,144,0
86,B,82,144,0
86,B,83,144,0
71,B,84,144,0
87,B,85,144,0
102,B,86,144,0
45,B,87,144,0
141,B,88,144,0
141,B,89,144,0
115,B,90,144,0
115,B,91,144,0
71,B,92,144,0
99,B,93,144,0
73,B,94,144,0
89,B,95,144,0
99,B,96,144,0
102,B,97,144,0
59,B,98,144,0
99,B,99,144,0
140,B,100,144,0
100,B,101,144,0
128,B,102,144,0
144,B,103,144,0
101,B,104,144,0
100,B,105,144,0
74,A,106,144,0
46,A,107,144,0
118,A,108,144,0
118,A,109,144,0
46,A,110,144,0
46,A,111,144,0
105,A,112,144,0
74,A,113,144,0
129,A,114,144,0
47,A,115,144,0
116,A,116,144,0
60,A,117,144,0
60,A,118,144,0
106,A,119,144,0
106,A,120,144,0
46,A,121,144,0
61,A,122,144,0
107,A,123,144,0
105,A,124,144,0
74,A,125,144,0
116,A,126,144,0
129,A,127,144,0
129,A,128,144,0
131,A,129,144,0
132,A,130,144,0
107,A,131,144,0
106,A,132,144,0
103,A,133,144,0
93,A,134,144,0
103,A,135,144,0
116,A,136,144,0
77,B,137,144,0
66,B,138,144,0
109,B,139,144,0
91,B,140,144,0
122,B,141,144,0
90,B,142,144,0
63,B,143,144,0
136,B,144,144,0
148,B,145,144,0
148,B,146,144,0
77,B,147,144,0
77,B,148,144,0
122,B,149,144,0
123,B,150,144,0
121,B,151,144,0
122,B,152,144,0
137,B,153,144,0
111,B,154,144,0
111,B,155,144,0
94,B,156,144,0
80,B,157,144,0
134,B,158,144,0
158,B,159,144,0
55,B,160,144,0
80,B,161,144,0
79,B,162,144,0
147,B,163,144,0
68,B,164,144,0
68,B,165,144,0
158,B,166,144,0
70,B,167,144,0
83,B,168,144,0
95,A,169,144,0
84,A,170,144,0
84,A,171,144,0
84,A,172,144,0
97,A,173,144,0
97,A,174,144,0
138,A,175,144,0
95,A,176,144,0
98,A,177,144,0
98,A,178,144,0
98,A,179,144,0
112,A,180,144,0
125,A,181,144,0
110,A,182,144,0
124,A,183,144,0
138,A,184,144,0
97,A,185,144,0
112,A,186,144,0
126,A,187,144,0
126,A,188,144,0
138,A,189,144,0
139,A,78,145,0
139,A,79,145,0
127,A,80,145,0
100,B,81,145,0
114,B,82,145,0
86,B,83,145,0
87,B,84,145,0
87,B,85,145,0
71,B,86,145,0
102,B,87,145,0
86,B,88,145,0
141,B,89,145,0
99,B,90,145,0
115,B,91,145,0
99,B,92,145,0
128,B,93,145,0
89,B,94,145,0
59,B,95,145,0
89,B,96,145,0
128,B,97,145,0
128,B,98,145,0
87,B,99,145,0
101,B,100,145,0
161,B,101,145,0
100,B,102,145,0
128,B,103,145,0
140,B,104,145,0
140,B,105,145,0
101,B,106,145,0
118,A,107,145,0
48,A,108,145,0
103,A,109,145,0
46,A,110,145,0
103,A,111,145,0
74,A,112,145,0
118,A,113,145,0
60,A,114,145,0
106,A,115,145,0
88,A,116,145,0
88,A,117,145,0
88,A,118,145,0
106,A,119,145,0
93,A,120,145,0
104,A,121,145,0
46,A,122,145,0
74,A,123,145,0
119,B,124,145,0
74,A,125,145,0
119,B,126,145,0
119,B,127,145,0
119,B,128,145,0
131,A,129,145,0
106,A,130,145,0
75,A,131,145,0
75,A,132,145,0
93,A,133,145,0
103,A,134,145,0
116,A,135,145,0
103,A,136,145,0
132,A,137,145,0
63,B,138,145,0
96,B,139,145,0
94,B,140,145,0
91,B,141,145,0
134,B,142,145,0
94,B,143,145,0
91,B,144,145,0
91,B,145,145,0
134,B,146,145,0
90,B,147,145,0
80,B,148,145,0
137,B,149,145,0
136,B,150,145,0
121,B,151,145,0
148,B,152,145,0
90,B,153,145,0
111,B,154,145,0
149,B,155,145,0
94,B,156,145,0
80,B,157,145,0
80,B,158,145,0
109,B,159,145,0
123,B,160,145,0
123,B,161,145,0
79,B,162,145,0
148,B,163,145,0
94,B,164,145,0
83,B,165,145,0
70,B,166,145,0
134,B,167,145,0
148,B,168,145,0
95,A,169,145,0
84,A,170,145,0
84,A,171,145,0
124,A,172,145,0
126,A,173,145,0
126,A,174,145,0
95,A,175,145,0
95,A,176,145,0
98,A,177,145,0
84,A,178,145,0
125,A,179,145,0
125,A,180,145,0
138,A,181,145,0
110,A,182,145,0
98,A,183,145,0
124,A,184,145,0
124,A,185,145,0
81,A,186,145,0
81,A,187,145,0
81,A,188,145,0
56,A,189,145,0
139,A,78,146,0
139,A,79,146,0
127,A,80,146,0
85,A,81,146,0
71,B,82,146,0
128,B,83,146,0
128,B,84,146,0
141,B,85,146,0
71,B,86,146,0
71,B,87,146,0
86,B,88,146,0
99,B,89,146,0
128,B,90,146,0
128,B,91,146,0
151,B,92,146,0
151,B,93,146,0
128,B,94,146,0
59,B,95,146,0
100,B,96,146,0
100,B,97,146,0
72,B,98,146,0
128,B,99,146,0
87,B,100,146,0
140,B,101,146,0
114,B,102,146,0
161,B,103,146,0
114,B,104,146,0
144,B,105,146,0
101,B,106,146,0
118,A,107,146,0
103,A,108,146,0
48,A,109,146,0
103,A,110,146,0
103,A,111,146,0
118,A,112,146,0
60,A,113,146,0
106,A,114,146,0
47,A,115,146,0
88,A,116,146,0
106,A,117,146,0
106,A,118,146,0
118,A,119,146,0
46,A,120,146,0
104,A,121,146,0
119,B,122,146,0
119,B,123,146,0
119,B,124,146,0
119,B,125,146,0
119,B,126,146,0
119,B,127,146,0
119,B,128,146,0
119,B,129,146,0
145,A,130,146,0
75,A,131,146,0
93,A,132,146,0
75,A,133,146,0
116,A,134,146,0
105,A,135,146,0
133,A,136,146,0
132,A,137,146,0
132,A,138,146,0
93,A,139,146,0
96,B,140,146,0
96,B,141,146,0
134,B,142,146,0
66,B,143,146,0
66,B,144,146,0
90,B,145,146,0
134,B,146,146,0
92,B,147,146,0
121,B,148,146,0
80,B,149,146,0
137,B,150,146,0
96,B,151,146,0
149,B,152,146,0
148,B,153,146,0
90,B,154,146,0
147,B,155,146,0
147,B,156,146,0
109,B,157,146,0
137,B,158,146,0
109,B,159,146,0
123,B,160,146,0
79,B,161,146,0
148,B,162,146,0
121,B,163,146,0
134,B,164,146,0
149,B,165,146,0
83,B,166,146,0
148,B,167,146,0
148,B,168,146,0
95,A,169,146,0
112,A,170,146,0
112,A,171,146,0
124,A,172,146,0
126,A,173,146,0
126,A,174,146,0
138,A,175,146,0
81,A,176,146,0
125,A,177,146,0
125,A,178,146,0
84,A,179,146,0
126,A,180,146,0
138,A,181,146,0
98,A,182,146,0
95,A,183,146,0
124,A,184,146,0
110,A,185,146,0
98,A,186,146,0
97,A,187,146,0
110,A,188,146,0
81,A,189,146,0
85,A,77,147,0
85,A,78,147,0
139,A,79,147,0
85,A,80,147,0
113,A,81,147,0
127,A,82,147,0
71,B,83,147,0
128,B,84,147,0
128,B,85,147,0
99,B,86,147,0
141,B,87,147,0
114,B,88,147,0
102,B,89,147,0
128,B,90,147,0
71,B,91,147,0
151,B,92,147,0
73,B,93,147,0
101,B,94,147,0
150,B,95,147,0
150,B,96,147,0
115,B,97,147,0
72,B,98,147,0
72,B,99,147,0
128,B,100,147,0
140,B,101,147,0
159,B,102,147,0
100,B,103,147,0
100,B,104,147,0
101,B,105,147,0
128,B,106,147,0
102,B,107,147,0
48,A,108,147,0
75,A,109,147,0
75,A,110,147,0
75,A,111,147,0
105,A,112,147,0
106,A,113,147,0
60,A,114,147,0
129,A,115,147,0
118,A,116,147,0
118,A,117,147,0
93,A,118,147,0
117,A,119,147,0
74,A,120,147,0
74,A,121,147,0
119,B,122,147,0
119,B,123,147,0
119,B,124,147,0
119,B,125,147,0
119,B,126,147,0
119,B,127,147,0
119,B,128,147,0
145,A,129,147,0
132,A,130,147,0
105,A,131,147,0
105,A,132,147,0
116,A,133,147,0
75,A,134,147,0
75,A,135,147,0
133,A,136,147,0
132,A,137,147,0
129,A,138,147,0
103,A,139,147,0
120,A,140,147,0
96,B,141,147,0
96,B,142,147,0
147,B,143,147,0
137,B,144,147,0
149,B,145,147,0
90,B,146,147,0
148,B,147,147,0
121,B,148,147,0
121,B,149,147,0
96,B,150,147,0
137,B,151,147,0
149,B,152,147,0
136,B,153,147,0
79,B,154,147,0
68,B,155,147,0
147,B,156,147,0
149,B,157,147,0
137,B,158,147,0
134,B,159,147,0
149,B,160,147,0
148,B,161,147,0
121,B,162,147,0
121,B,163,147,0
134,B,164,147,0
158,B,165,147,0
80,B,166,147,0
149,B,167,147,0
149,B,168,147,0
110,A,169,147,0
126,A,170,147,0
138,A,171,147,0
97,A,172,147,0
97,A,173,147,0
97,A,174,147,0
84,A,175,147,0
81,A,176,147,0
110,A,177,147,0
125,A,178,147,0
124,A,179,147,0
98,A,180,147,0
126,A,181,147,0
98,A,182,147,0
81,A,183,147,0
124,A,184,147,0
138,A,185,147,0
56,A,186,147,0
125,A,187,147,0
56,A,188,147,0
110,A,189,147,0
113,A,77,148,0
85,A,78,148,0
127,A,79,148,0
139,A,80,148,0
139,A,81,148,0
85,A,82,148,0
113,A,83,148,0
114,B,84,148,0
114,B,85,148,0
86,B,86,148,0
141,B,87,148,0
87,B,88,148,0
87,B,89,148,0
115,B,90,148,0
100,B,91,148,0
100,B,92,148,0
89,B,93,148,0
72,B,94,148,0
150,B,95,148,0
115,B,96,148,0
128,B,97,148,0
100,B,98,148,0
102,B,99,148,0
102,B,100,148,0
128,B,101,148,0
141,B,102,148,0
100,B,103,148,0
102,B,104,148,0
159,B,105,148,0
144,B,106,148,0
128,B,107,148,0
129,A,108,148,0
129,A,109,148,0
103,A,110,148,0
93,A,111,148,0
93,A,112,148,0
105,A,113,148,0
103,A,114,148,0
116,A,115,148,0
129,A,116,148,0
104,A,117,148,0
46,A,118,148,0
104,A,119,148,0
129,A,120,148,0
118,A,121,148,0
119,B,122,148,0
119,B,123,148,0
119,B,124,148,0
119,B,125,148,0
119,B,126,148,0
119,B,127,148,0
119,B,128,148,0
131,A,129,148,0
131,A,130,148,0
145,A,131,148,0
88,A,132,148,0
116,A,133,148,0
103,A,134,148,0
103,A,135,148,0
145,A,136,148,0
129,A,137,148,0
129,A,138,148,0
93,A,139,148,0
103,A,140,148,0
66,B,141,148,0
91,B,142,148,0
147,B,143,148,0
92,B,144,148,0
92,B,145,148,0
147,B,146,148,0
91,B,147,148,0
149,B,148,148,0
148,B,149,148,0
136,B,150,148,0
137,B,151,148,0
68,B,152,148,0
122,B,153,148,0
136,B,154,148,0
91,B,155,148,0
91,B,156,148,0
79,B,157,148,0
149,B,158,148,0
149,B,159,148,0
148,B,160,148,0
80,B,161,148,0
134,B,162,148,0
121,B,163,148,0
108,B,164,148,0
158,B,165,148,0
123,B,166,148,0
134,B,167,148,0
110,A,168,148,0
110,A,169,148,0
138,A,170,148,0
126,A,171,148,0
112,A,172,148,0
97,A,173,148,0
110,A,174,148,0
124,A,175,148,0
84,A,176,148,0
126,A,177,148,0
124,A,178,148,0
110,A,179,148,0
98,A,180,148,0
138,A,181,148,0
126,A,182,148,0
124,A,183,148,0
138,A,184,148,0
56,A,185,148,0
126,A,186,148,0
125,A,187,148,0
110,A,188,148,0
126,A,189,148,0
85,A,77,149,0
113,A,78,149,0
113,A,79,149,0
127,A,80,149,0
85,A,81,149,0
139,A,82,149,0
127,A,83,149,0
113,A,84,149,0
73,B,85,149,0
73,B,86,149,0
86,B,87,149,0
101,B,88,149,0
115,B,89,149,0
115,B,90,149,0
100,B,91,149,0
99,B,92,149,0
86,B,93,149,0
150,B,94,149,0
72,B,95,149,0
101,B,96,149,0
115,B,97,149,0
99,B,98,149,0
99,B,99,149,0
151,B,100,149,0
72,B,101,149,0
128,B,102,149,0
140,B,103,149,0
144,B,104,149,0
102,B,105,149,0
114,B,106,149,0
102,B,107,149,0
161,B,108,149,0
129,A,109,149,0
129,A,110,149,0
93,A,111,149,0
60,A,112,149,0
116,A,113,149,0
116,A,114,149,0
129,A,115,149,0
129,A,116,149,0
117,A,117,149,0
118,A,118,149,0
46,A,119,149,0
129,A,120,149,0
118,A,121,149,0
118,A,122,149,0
119,B,123,149,0
119,B,124,149,0
119,B,125,149,0
119,B,126,149,0
119,B,127,149,0
119,B,128,149,0
119,B,129,149,0
105,A,130,149,0
88,A,131,149,0
129,A,132,149,0
117,A,133,149,0
103,A,134,149,0
88,A,135,149,0
120,A,136,149,0
145,A,137,149,0
93,A,138,149,0
103,A,139,149,0
120,A,140,149,0
66,B,141,149,0
136,B,142,149,0
136,B,143,149,0
121,B,144,149,0
121,B,145,149,0
149,B,146,149,0
149,B,147,149,0
91,B,148,149,0
148,B,149,149,0
148,B,150,149,0
136,B,151,149,0
136,B,152,149,0
68,B,153,149,0
94,B,154,149,0
123,B,155,149,0
123,B,156,149,0
79,B,157,149,0
109,B,158,149,0
136,B,159,149,0
136,B,160,149,0
80,B,161,149,0
108,B,162,149,0
108,B,163,149,0
158,B,164,149,0
108,B,165,149,0
123,B,166,149,0
80,B,167,149,0
124,A,168,149,0
126,A,169,149,0
124,A,170,149,0
110,A,171,149,0
126,A,172,149,0
110,A,173,149,0
124,A,174,149,0
126,A,175,149,0
97,A,176,149,0
95,A,177,149,0
84,A,178,149,0
110,A,179,149,0
110,A,180,149,0
126,A,181,149,0
124,A,182,149,0
124,A,183,149,0
124,A,184,149,0
95,A,185,149,0
95,A,186,149,0
125,A,187,149,0
125,A,188,149,0
126,A,189,149,0
85,A,77,150,0
127,A,78,150,0
113,A,79,150,0
85,A,80,150,0
113,A,81,150,0
113,A,82,150,0
127,A,83,150,0
127,A,84,150,0
85,A,85,150,0
101,B,86,150,0
101,B,87,150,0
71,B,88,150,0
114,B,89,150,0
141,B,90,150,0
99,B,91,150,0
99,B,92,150,0
86,B,93,150,0
114,B,94,150,0
114,B,95,150,0
128,B,96,150,0
101,B,97,150,0
101,B,98,150,0
128,B,99,150,0
150,B,100,150,0
150,B,101,150,0
72,B,102,150,0
140,B,103,150,0
150,B,104,150,0
114,B,105,150,0
102,B,106,150,0
114,B,107,150,0
128,B,108,150,0
128,B,109,150,0
93,A,110,150,0
103,A,111,150,0
74,A,112,150,0
103,A,113,150,0
129,A,114,150,0
60,A,115,150,0
129,A,116,150,0
116,A,117,150,0
118,A,118,150,0
129,A,119,150,0
129,A,120,150,0
132,A,121,150,0
46,A,122,150,0
119,B,123,150,0
119,B,124,150,0
119,B,125,150,0
119,B,126,150,0
119,B,127,150,0
119,B,128,150,0
105,A,129,150,0
105,A,130,150,0
106,A,131,150,0
117,A,132,150,0
129,A,133,150,0
88,A,134,150,0
120,A,135,150,0
145,A,136,150,0
133,A,137,150,0
145,A,138,150,0
103,A,139,150,0
105,A,140,150,0
133,A,141,150,0
122,B,142,150,0
134,B,143,150,0
121,B,144,150,0
121,B,145,150,0
137,B,146,150,0
149,B,147,150,0
122,B,148,150,0
137,B,149,150,0
121,B,150,150,0
94,B,151,150,0
123,B,152,150,0
109,B,153,150,0
108,B,154,150,0
109,B,155,150,0
94,B,156,150,0
123,B,157,150,0
136,B,158,150,0
109,B,159,150,0
121,B,160,150,0
149,B,161,150,0
149,B,162,150,0
158,B,163,150,0
80,B,164,150,0
136,B,165,150,0
82,B,166,150,0
82,B,167,150,0
126,A,168,150,0
124,A,169,150,0
84,A,170,150,0
110,A,171,150,0
81,A,172,150,0
126,A,173,150,0
126,A,174,150,0
97,A,175,150,0
95,A,176,150,0
81,A,177,150,0
110,A,178,150,0
110,A,179,150,0
98,A,180,150,0
84,A,181,150,0
126,A,182,150,0
110,A,183,150,0
124,A,184,150,0
97,A,185,150,0
126,A,186,150,0
124,A,187,150,0
124,A,188,150,0
95,A,189,150,0
85,A,77,151,0
139,A,78,151,0
139,A,79,151,0
85,A,80,151,0
113,A,81,151,0
113,A,82,151,0
127,A,83,151,0
127,A,84,151,0
113,A,85,151,0
139,A,86,151,0
71,B,87,151,0
71,B,88,151,0
101,B,89,151,0
89,B,90,151,0
89,B,91,151,0
89,B,92,151,0
114,B,93,151,0
86,B,94,151,0
89,B,95,151,0
150,B,96,151,0
150,B,97,151,0
72,B,98,151,0
128,B,99,151,0
99,B,100,151,0
89,B,101,151,0
114,B,102,151,0
72,B,103,151,0
115,B,104,151,0
161,B,105,151,0
144,B,106,151,0
144,B,107,151,0
114,B,108,151,0
115,B,109,151,0
75,A,110,151,0
75,A,111,151,0
60,A,112,151,0
103,A,113,151,0
118,A,114,151,0
75,A,115,151,0
117,A,116,151,0
116,A,117,151,0
118,A,118,151,0
118,A,119,151,0
129,A,120,151,0
132,A,121,151,0
88,A,122,151,0
88,A,123,151,0
119,B,124,151,0
119,B,125,151,0
119,B,126,151,0
119,B,127,151,0
118,A,128,151,0
119,B,129,151,0
106,A,130,151,0
131,A,131,151,0
117,A,132,151,0
88,A,133,151,0
129,A,134,151,0
93,A,135,151,0
133,A,136,151,0
105,A,137,151,0
105,A,138,151,0
103,A,139,151,0
116,A,140,151,0
105,A,141,151,0
137,B,142,151,0
134,B,143,151,0
134,B,144,151,0
91,B,145,151,0
91,B,146,151,0
149,B,147,151,0
80,B,148,151,0
80,B,149,151,0
137,B,150,151,0
121,B,151,151,0
123,B,152,151,0
108,B,153,151,0
109,B,154,151,0
68,B,155,151,0
94,B,156,151,0
94,B,157,151,0
91,B,158,151,0
147,B,159,151,0
134,B,160,151,0
136,B,161,151,0
123,B,162,151,0
108,B,163,151,0
158,B,164,151,0
136,B,165,151,0
68,B,166,151,0
68,B,167,151,0
110,A,168,151,0
110,A,169,151,0
84,A,170,151,0
84,A,171,151,0
112,A,172,151,0
97,A,173,151,0
97,A,174,151,0
84,A,175,151,0
81,A,176,151,0
138,A,177,151,0
112,A,178,151,0
98,A,179,151,0
98,A,180,151,0
98,A,181,151,0
84,A,182,151,0
97,A,183,151,0
97,A,184,151,0
138,A,185,151,0
56,A,186,151,0
56,A,187,151,0
56,A,188,151,0
95,A,189,151,0
113,A,77,152,0
139,A,78,152,0
139,A,79,152,0
139,A,80,152,0
113,A,81,152,0
113,A,82,152,0
127,A,83,152,0
139,A,84,152,0
113,A,85,152,0
139,A,86,152,0
115,B,87,152,0
101,B,88,152,0
150,B,89,152,0
150,B,90,152,0
151,B,91,152,0
151,B,92,152,0
151,B,93,152,0
140,B,94,152,0
86,B,95,152,0
150,B,96,152,0
99,B,97,152,0
140,B,98,152,0
161,B,99,152,0
144,B,100,152,0
89,B,101,152,0
87,B,102,152,0
115,B,103,152,0
87,B,104,152,0
128,B,105,152,0
154,B,106,152,0
154,B,107,152,0
130,B,108,152,0
130,B,109,152,0
130,B,110,152,0
60,A,111,152,0
74,A,112,152,0
60,A,113,152,0
118,A,114,152,0
118,A,115,152,0
132,A,116,152,0
132,A,117,152,0
118,A,118,152,0
132,A,119,152,0
60,A,120,152,0
46,A,121,152,0
88,A,122,152,0
74,A,123,152,0
74,A,124,152,0
74,A,125,152,0
120,A,126,152,0
106,A,127,152,0
105,A,128,152,0
105,A,129,152,0
131,A,130,152,0
118,A,131,152,0
131,A,132,152,0
88,A,133,152,0
105,A,134,152,0
129,A,135,152,0
133,A,136,152,0
120,A,137,152,0
117,A,138,152,0
133,A,139,152,0
103,A,140,152,0
117,A,141,152,0
145,A,142,152,0
137,B,143,152,0
148,B,144,152,0
91,B,145,152,0
137,B,146,152,0
121,B,147,152,0
121,B,148,152,0
80,B,149,152,0
148,B,150,152,0
148,B,151,152,0
121,B,152,152,0
121,B,153,152,0
137,B,154,152,0
158,B,155,152,0
137,B,156,152,0
137,B,157,152,0
147,B,158,152,0
158,B,159,152,0
158,B,160,152,0
134,B,161,152,0
108,B,162,152,0
111,B,163,152,0
136,B,164,152,0
136,B,165,152,0
149,B,166,152,0
68,B,167,152,0
138,A,168,152,0
110,A,169,152,0
95,A,170,152,0
112,A,171,152,0
138,A,172,152,0
138,A,173,152,0
84,A,174,152,0
81,A,175,152,0
81,A,176,152,0
138,A,177,152,0
98,A,178,152,0
112,A,179,152,0
95,A,180,152,0
84,A,181,152,0
56,A,182,152,0
95,A,183,152,0
124,A,184,152,0
97,A,185,152,0
56,A,186,152,0
125,A,187,152,0
84,A,188,152,0
95,A,189,152,0
139,A,77,153,0
113,A,78,153,0
85,A,79,153,0
139,A,80,153,0
139,A,81,153,0
85,A,82,153,0
139,A,83,153,0
139,A,84,153,0
113,A,85,153,0
127,A,86,153,0
139,A,87,153,0
115,B,88,153,0
87,B,89,153,0
87,B,90,153,0
86,B,91,153,0
151,B,92,153,0
140,B,93,153,0
100,B,94,153,0
101,B,95,153,0
102,B,96,153,0
140,B,97,153,0
99,B,98,153,0
151,B,99,153,0
161,B,100,153,0
87,B,101,153,0
99,B,102,153,0
150,B,103,153,0
150,B,104,153,0
150,B,105,153,0
115,B,106,153,0
154,B,107,153,0
128,B,108,153,0
128,B,109,153,0
114,B,110,153,0
102,B,111,153,0
103,A,112,153,0
103,A,113,153,0
118,A,114,153,0
93,A,115,153,0
132,A,116,153,0
129,A,117,153,0
106,A,118,153,0
106,A,119,153,0
75,A,120,153,0
46,A,121,153,0
118,A,122,153,0
88,A,123,153,0
129,A,124,153,0
120,A,125,153,0
106,A,126,153,0
93,A,127,153,0
93,A,128,153,0
105,A,129,153,0
88,A,130,153,0
131,A,131,153,0
131,A,132,153,0
132,A,133,153,0
106,A,134,153,0
129,A,135,153,0
145,A,136,153,0
120,A,137,153,0
133,A,138,153,0
117,A,139,153,0
105,A,140,153,0
145,A,141,153,0
120,A,142,153,0
145,A,143,153,0
108,B,144,153,0
91,B,145,153,0
137,B,146,153,0
136,B,147,153,0
134,B,148,153,0
121,B,149,153,0
123,B,150,153,0
134,B,151,153,0
136,B,152,153,0
136,B,153,153,0
158,B,154,153,0
121,B,155,153,0
109,B,156,153,0
109,B,157,153,0
94,B,158,153,0
94,B,159,153,0
158,B,160,153,0
111,B,161,153,0
79,B,162,153,0
79,B,163,153,0
134,B,164,153,0
80,B,165,153,0
109,B,166,153,0
83,B,167,153,0
134,B,168,153,0
138,A,169,153,0
126,A,170,153,0
97,A,171,153,0
110,A,172,153,0
95,A,173,153,0
95,A,174,153,0
112,A,175,153,0
95,A,176,153,0
95,A,177,153,0
98,A,178,153,0
84,A,179,153,0
84,A,180,153,0
95,A,181,153,0
98,A,182,153,0
124,A,183,153,0
112,A,184,153,0
112,A,185,153,0
97,A,186,153,0
125,A,187,153,0
84,A,188,153,0
139,A,77,154,0
127,A,78,154,0
113,A,79,154,0
85,A,80,154,0
85,A,81,154,0
139,A,82,154,0
127,A,83,154,0
139,A,84,154,0
113,A,85,154,0
127,A,86,154,0
139,A,87,154,0
115,B,88,154,0
87,B,89,154,0
87,B,90,154,0
86,B,91,154,0
140,B,92,154,0
87,B,93,154,0
87,B,94,154,0
101,B,95,154,0
159,B,96,154,0
115,B,97,154,0
151,B,98,154,0
159,B,99,154,0
151,B,100,154,0
114,B,101,154,0
99,B,102,154,0
100,B,103,154,0
159,B,104,154,0
114,B,105,154,0
114,B,106,154,0
154,B,107,154,0
159,B,108,154,0
159,B,109,154,0
151,B,110,154,0
102,B,111,154,0
161,B,112,154,0
116,A,113,154,0
116,A,114,154,0
93,A,115,154,0
75,A,116,154,0
106,A,117,154,0
129,A,118,154,0
129,A,119,154,0
106,A,120,154,0
74,A,121,154,0
74,A,122,154,0
88,A,123,154,0
120,A,124,154,0
129,A,125,154,0
106,A,126,154,0
129,A,127,154,0
131,A,128,154,0
88,A,129,154,0
105,A,130,154,0
88,A,131,154,0
131,A,132,154,0
106,A,133,154,0
106,A,134,154,0
120,A,135,154,0
131,A,136,154,0
145,A,137,154,0
155,A,138,154,0
105,A,139,154,0
133,A,140,154,0
131,A,141,154,0
105,A,142,154,0
133,A,143,154,0
108,B,144,154,0
108,B,145,154,0
136,B,146,154,0
134,B,147,154,0
134,B,148,154,0
123,B,149,154,0
137,B,150,154,0
147,B,151,154,0
94,B,152,154,0
136,B,153,154,0
94,B,154,154,0
149,B,155,154,0
123,B,156,154,0
109,B,157,154,0
94,B,158,154,0
121,B,159,154,0
136,B,160,154,0
148,B,161,154,0
111,B,162,154,0
79,B,163,154,0
134,B,164,154,0
83,B,165,154,0
109,B,166,154,0
158,B,167,154,0
134,B,168,154,0
125,A,169,154,0
125,A,170,154,0
110,A,171,154,0
110,A,172,154,0
126,A,173,154,0
112,A,174,154,0
125,A,175,154,0
110,A,176,154,0
95,A,177,154,0
84,A,178,154,0
98,A,179,154,0
125,A,180,154,0
112,A,181,154,0
98,A,182,154,0
112,A,183,154,0
112,A,184,154,0
138,A,185,154,0
98,A,186,154,0
95,A,187,154,0
95,A,188,154,0
127,A,77,155,0
127,A,78,155,0
113,A,79,155,0
113,A,80,155,0
85,A,81,155,0
127,A,82,155,0
127,A,83,155,0
85,A,84,155,0
139,A,85,155,0
85,A,86,155,0
113,A,87,155,0
100,B,88,155,0
100,B,89,155,0
89,B,90,155,0
102,B,91,155,0
141,B,92,155,0
101,B,93,155,0
130,B,94,155,0
159,B,95,155,0
159,B,96,155,0
115,B,97,155,0
115,B,98,155,0
161,B,99,155,0
102,B,100,155,0
159,B,101,155,0
140,B,102,155,0
100,B,103,155,0
154,B,104,155,0
140,B,105,155,0
102,B,106,155,0
130,B,107,155,0
159,B,108,155,0
161,B,109,155,0
102,B,110,155,0
154,B,111,155,0
102,B,112,155,0
161,B,113,155,0
116,A,114,155,0
75,A,115,155,0
106,A,116,155,0
104,A,117,155,0
104,A,118,155,0
104,A,119,155,0
129,A,120,155,0
74,A,121,155,0
129,A,122,155,0
46,A,123,155,0
46,A,124,155,0
88,A,125,155,0
120,A,126,155,0
93,A,127,155,0
118,A,128,155,0
131,A,129,155,0
118,A,130,155,0
129,A,131,155,0
88,A,132,155,0
129,A,133,155,0
145,A,134,155,0
131,A,135,155,0
120,A,136,155,0
120,A,137,155,0
155,A,138,155,0
105,A,139,155,0
133,A,140,155,0
133,A,141,155,0
135,A,142,155,0
135,A,143,155,0
106,A,144,155,0
136,B,145,155,0
136,B,146,155,0
147,B,147,155,0
147,B,148,155,0
137,B,149,155,0
158,B,150,155,0
80,B,151,155,0
122,B,152,155,0
148,B,153,155,0
148,B,154,155,0
121,B,155,155,0
121,B,156,155,0
149,B,157,155,0
149,B,158,155,0
149,B,159,155,0
134,B,160,155,0
83,B,161,155,0
80,B,162,155,0
80,B,163,155,0
80,B,164,155,0
149,B,165,155,0
108,B,166,155,0
109,B,167,155,0
158,B,168,155,0
136,B,169,155,0
125,A,170,155,0
98,A,171,155,0
126,A,172,155,0
126,A,173,155,0
125,A,174,155,0
110,A,175,155,0
95,A,176,155,0
95,A,177,155,0
126,A,178,155,0
126,A,179,155,0
138,A,180,155,0
138,A,181,155,0
56,A,182,155,0
56,A,183,155,0
95,A,184,155,0
138,A,185,155,0
124,A,186,155,0
95,A,187,155,0
113,A,77,156,0
85,A,78,156,0
139,A,79,156,0
127,A,80,156,0
85,A,81,156,0
113,A,82,156,0
127,A,83,156,0
85,A,84,156,0
139,A,85,156,0
113,A,86,156,0
113,A,87,156,0
101,B,88,156,0
100,B,89,156,0
102,B,90,156,0
141,B,91,156,0
101,B,92,156,0
99,B,93,156,0
114,B,94,156,0
114,B,95,156,0
140,B,96,156,0
100,B,97,156,0
99,B,98,156,0
141,B,99,156,0
161,B,100,156,0
115,B,101,156,0
159,B,102,156,0
140,B,103,156,0
101,B,104,156,0
144,B,105,156,0
140,B,106,156,0
154,B,107,156,0
141,B,108,156,0
161,B,109,156,0
128,B,110,156,0
154,B,111,156,0
140,B,112,156,0
140,B,113,156,0
150,B,114,156,0
150,B,115,156,0
106,A,116,156,0
104,A,117,156,0
104,A,118,156,0
145,A,119,156,0
145,A,120,156,0
106,A,121,156,0
129,A,122,156,0
46,A,123,156,0
106,A,124,156,0
129,A,125,156,0
103,A,126,156,0
120,A,127,156,0
93,A,128,156,0
118,A,129,156,0
116,A,130,156,0
118,A,131,156,0
106,A,132,156,0
145,A,133,156,0
105,A,134,156,0
105,A,135,156,0
131,A,136,156,0
93,A,137,156,0
120,A,138,156,0
162,A,139,156,0
155,A,140,156,0
135,A,141,156,0
135,A,142,156,0
135,A,143,156,0
162,A,144,156,0
106,A,145,156,0
94,B,146,156,0
148,B,147,156,0
122,B,148,156,0
122,B,149,156,0
80,B,150,156,0
123,B,151,156,0
122,B,152,156,0
121,B,153,156,0
121,B,154,156,0
148,B,155,156,0
147,B,156,156,0
137,B,157,156,0
137,B,158,156,0
123,B,159,156,0
158,B,160,156,0
158,B,161,156,0
149,B,162,156,0
149,B,163,156,0
111,B,164,156,0
111,B,165,156,0
148,B,166,156,0
108,B,167,156,0
121,B,168,156,0
137,B,169,156,0
138,A,170,156,0
97,A,171,156,0
112,A,172,156,0
125,A,173,156,0
97,A,174,156,0
110,A,175,156,0
126,A,176,156,0
112,A,177,156,0
124,A,178,156,0
126,A,179,156,0
56,A,180,156,0
125,A,181,156,0
124,A,182,156,0
124,A,183,156,0
95,A,184,156,0
95,A,185,156,0
138,A,186,156,0
138,A,187,156,0
85,A,77,157,0
85,A,78,157,0
113,A,79,157,0
127,A,80,157,0
113,A,81,157,0
139,A,82,157,0
127,A,83,157,0
113,A,84,157,0
127,A,85,157,0
127,A,86,157,0
139,A,87,157,0
85,A,88,157,0
115,B,89,157,0
71,B,90,157,0
71,B,91,157,0
89,B,92,157,0
99,B,93,157,0
114,B,94,157,0
140,B,95,157,0
130,B,96,157,0
100,B,97,157,0
99,B,98,157,0
115,B,99,157,0
140,B,100,157,0
141,B,101,157,0
144,B,102,157,0
101,B,103,157,0
140,B,104,157,0
144,B,105,157,0
151,B,106,157,0
141,B,107,157,0
154,B,108,157,0
128,B,109,157,0
128,B,110,157,0
128,B,111,157,0
154,B,112,157,0
102,B,113,157,0
140,B,114,157,0
150,B,115,157,0
130,B,116,157,0
106,A,117,157,0
145,A,118,157,0
145,A,119,157,0
118,A,120,157,0
118,A,121,157,0
131,A,122,157,0
131,A,123,157,0
74,A,124,157,0
129,A,125,157,0
88,A,126,157,0
120,A,127,157,0
93,A,128,157,0
129,A,129,157,0
116,A,130,157,0
116,A,131,157,0
145,A,132,157,0
145,A,133,157,0
155,A,134,157,0
155,A,135,157,0
131,A,136,157,0
93,A,137,157,0
93,A,138,157,0
131,A,139,157,0
162,A,140,157,0
117,A,141,157,0
132,A,142,157,0
135,A,143,157,0
135,A,144,157,0
136,B,145,157,0
94,B,146,157,0
94,B,147,157,0
148,B,148,157,0
123,B,149,157,0
123,B,150,157,0
136,B,151,157,0
136,B,152,157,0
147,B,153,157,0
158,B,154,157,0
121,B,155,157,0
149,B,156,157,0
147,B,157,157,0
134,B,158,157,0
83,B,159,157,0
136,B,160,157,0
136,B,161,157,0
80,B,162,157,0
137,B,163,157,0
122,B,164,157,0
149,B,165,157,0
148,B,166,157,0
149,B,167,157,0
108,B,168,157,0
121,B,169,157,0
97,A,170,157,0
97,A,171,157,0
112,A,172,157,0
138,A,173,157,0
97,A,174,157,0
126,A,175,157,0
125,A,176,157,0
124,A,177,157,0
112,A,178,157,0
124,A,179,157,0
125,A,180,157,0
124,A,181,157,0
138,A,182,157,0
95,A,183,157,0
84,A,184,157,0
56,A,185,157,0
56,A,186,157,0
139,A,78,158,0
127,A,79,158,0
139,A,80,158,0
139,A,81,158,0
85,A,82,158,0
85,A,83,158,0
113,A,84,158,0
139,A,85,158,0
127,A,86,158,0
85,A,87,158,0
85,A,88,158,0
87,B,89,158,0
159,B,90,158,0
101,B,91,158,0
101,B,92,158,0
130,B,93,158,0
87,B,94,158,0
102,B,95,158,0
159,B,96,158,0
143,B,97,158,0
159,B,98,158,0
140,B,99,158,0
114,B,100,158,0
141,B,101,158,0
141,B,102,158,0
154,B,103,158,0
101,B,104,158,0
130,B,105,158,0
151,B,106,158,0
141,B,107,158,0
161,B,108,158,0
130,B,109,158,0
100,B,110,158,0
100,B,111,158,0
151,B,112,158,0
144,B,113,158,0
144,B,114,158,0
130,B,115,158,0
161,B,116,158,0
144,B,117,158,0
159,B,118,158,0
117,A,119,158,0
117,A,120,158,0
93,A,121,158,0
118,A,122,158,0
118,A,123,158,0
104,A,124,158,0
88,A,125,158,0
105,A,126,158,0
129,A,127,158,0
88,A,128,158,0
129,A,129,158,0
116,A,130,158,0
116,A,131,158,0
105,A,132,158,0
103,A,133,158,0
103,A,134,158,0
103,A,135,158,0
120,A,136,158,0
105,A,137,158,0
117,A,138,158,0
162,A,139,158,0
131,A,140,158,0
132,A,141,158,0
117,A,142,158,0
131,A,143,158,0
135,A,144,158,0
93,A,145,158,0
117,A,146,158,0
149,B,147,158,0
158,B,148,158,0
123,B,149,158,0
149,B,150,158,0
148,B,151,158,0
136,B,152,158,0
149,B,153,158,0
121,B,154,158,0
121,B,155,158,0
123,B,156,158,0
123,B,157,158,0
123,B,158,158,0
83,B,159,158,0
83,B,160,158,0
148,B,161,158,0
134,B,162,158,0
121,B,163,158,0
137,B,164,158,0
149,B,165,158,0
149,B,166,158,0
80,B,167,158,0
80,B,168,158,0
108,B,169,158,0
98,A,170,158,0
97,A,171,158,0
97,A,172,158,0
110,A,173,158,0
126,A,174,158,0
125,A,175,158,0
138,A,176,158,0
138,A,177,158,0
125,A,178,158,0
125,A,179,158,0
98,A,180,158,0
112,A,181,158,0
138,A,182,158,0
84,A,183,158,0
56,A,184,158,0
56,A,185,158,0
127,A,78,159,0
127,A,79,159,0
113,A,80,159,0
139,A,81,159,0
127,A,82,159,0
127,A,83,159,0
139,A,84,159,0
113,A,85,159,0
85,A,86,159,0
127,A,87,159,0
113,A,88,159,0
113,A,89,159,0
89,B,90,159,0
159,B,91,159,0
159,B,92,159,0
115,B,93,159,0
130,B,94,159,0
99,B,95,159,0
161,B,96,159,0
159,B,97,159,0
115,B,98,159,0
144,B,99,159,0
102,B,100,159,0
114,B,101,159,0
150,B,102,159,0
144,B,103,159,0
130,B,104,159,0
130,B,105,159,0
150,B,106,159,0
161,B,107,159,0
150,B,108,159,0
143,B,109,159,0
154,B,110,159,0
140,B,111,159,0
140,B,112,159,0
161,B,113,159,0
150,B,114,159,0
150,B,115,159,0
130,B,116,159,0
159,B,117,159,0
150,B,118,159,0
159,B,119,159,0
117,A,120,159,0
93,A,121,159,0
93,A,122,159,0
104,A,123,159,0
118,A,124,159,0
106,A,125,159,0
105,A,126,159,0
88,A,127,159,0
103,A,128,159,0
103,A,129,159,0
93,A,130,159,0
105,A,131,159,0
129,A,132,159,0
129,A,133,159,0
129,A,134,159,0
120,A,135,159,0
117,A,136,159,0
117,A,137,159,0
155,A,138,159,0
93,A,139,159,0
155,A,140,159,0
117,A,141,159,0
106,A,142,159,0
131,A,143,159,0
106,A,144,159,0
117,A,145,159,0
149,B,146,159,0
122,B,147,159,0
148,B,148,159,0
123,B,149,159,0
147,B,150,159,0
122,B,151,159,0
122,B,152,159,0
149,B,153,159,0
136,B,154,159,0
147,B,155,159,0
137,B,156,159,0
80,B,157,159,0
80,B,158,159,0
137,B,159,159,0
137,B,160,159,0
134,B,161,159,0
158,B,162,159,0
121,B,163,159,0
108,B,164,159,0
108,B,165,159,0
121,B,166,159,0
136,B,167,159,0
158,B,168,159,0
137,B,169,159,0
148,B,170,159,0
84,A,171,159,0
97,A,172,159,0
125,A,173,159,0
125,A,174,159,0
138,A,175,159,0
81,A,176,159,0
84,A,177,159,0
125,A,178,159,0
98,A,179,159,0
126,A,180,159,0
112,A,181,159,0
125,A,182,159,0
81,A,183,159,0
126,A,184,159,0
85,A,79,160,0
139,A,80,160,0
85,A,81,160,0
127,A,82,160,0
113,A,83,160,0
127,A,84,160,0
127,A,85,160,0
139,A,86,160,0
85,A,87,160,0
113,A,88,160,0
139,A,89,160,0
115,B,90,160,0
89,B,91,160,0
99,B,92,160,0
151,B,93,160,0
151,B,94,160,0
87,B,95,160,0
100,B,96,160,0
130,B,97,160,0
150,B,98,160,0
144,B,99,160,0
99,B,100,160,0
150,B,101,160,0
150,B,102,160,0
144,B,103,160,0
161,B,104,160,0
100,B,105,160,0
161,B,106,160,0
150,B,107,160,0
128,B,108,160,0
128,B,109,160,0
154,B,110,160,0
143,B,111,160,0
130,B,112,160,0
130,B,113,160,0
161,B,114,160,0
159,B,115,160,0
128,B,116,160,0
140,B,117,160,0
150,B,118,160,0
144,B,119,160,0
93,A,120,160,0
118,A,121,160,0
93,A,122,160,0
103,A,123,160,0
105,A,124,160,0
129,A,125,160,0
104,A,126,160,0
107,A,127,160,0
106,A,128,160,0
93,A,129,160,0
131,A,130,160,0
103,A,131,160,0
146,A,132,160,0
146,A,133,160,0
117,A,134,160,0
120,A,135,160,0
120,A,136,160,0
155,A,137,160,0
155,A,138,160,0
117,A,139,160,0
131,A,140,160,0
155,A,141,160,0
93,A,142,160,0
106,A,143,160,0
117,A,144,160,0
135,A,145,160,0
135,A,146,160,0
122,B,147,160,0
149,B,148,160,0
94,B,149,160,0
158,B,150,160,0
147,B,151,160,0
158,B,152,160,0
136,B,153,160,0
123,B,154,160,0
137,B,155,160,0
94,B,156,160,0
121,B,157,160,0
80,B,158,160,0
147,B,159,160,0
134,B,160,160,0
137,B,161,160,0
149,B,162,160,0
121,B,163,160,0
136,B,164,160,0
123,B,165,160,0
121,B,166,160,0
136,B,167,160,0
109,B,168,160,0
158,B,169,160,0
123,B,170,160,0
126,A,171,160,0
126,A,172,160,0
125,A,173,160,0
110,A,174,160,0
81,A,175,160,0
126,A,176,160,0
126,A,177,160,0
124,A,178,160,0
98,A,179,160,0
98,A,180,160,0
125,A,181,160,0
81,A,182,160,0
125,A,183,160,0
113,A,79,161,0
85,A,80,161,0
139,A,81,161,0
127,A,82,161,0
113,A,83,161,0
113,A,84,161,0
85,A,85,161,0
139,A,86,161,0
139,A,87,161,0
85,A,88,161,0
127,A,89,161,0
139,A,90,161,0
87,B,91,161,0
87,B,92,161,0
115,B,93,161,0
101,B,94,161,0
100,B,95,161,0
130,B,96,161,0
143,B,97,161,0
144,B,98,161,0
144,B,99,161,0
99,B,100,161,0
89,B,101,161,0
140,B,102,161,0
141,B,103,161,0
100,B,104,161,0
161,B,105,161,0
140,B,106,161,0
140,B,107,161,0
154,B,108,161,0
150,B,109,161,0
143,B,110,161,0
143,B,111,161,0
151,B,112,161,0
150,B,113,161,0
130,B,114,161,0
128,B,115,161,0
161,B,116,161,0
130,B,117,161,0
144,B,118,161,0
102,B,119,161,0
144,B,120,161,0
106,A,121,161,0
88,A,122,161,0
103,A,123,161,0
105,A,124,161,0
105,A,125,161,0
104,A,126,161,0
107,A,127,161,0
106,A,128,161,0
106,A,129,161,0
117,A,130,161,0
146,A,131,161,0
146,A,132,161,0
162,A,133,161,0
162,A,134,161,0
104,A,135,161,0
103,A,136,161,0
93,A,137,161,0
131,A,138,161,0
131,A,139,161,0
132,A,140,161,0
93,A,141,161,0
155,A,142,161,0
135,A,143,161,0
135,A,144,161,0
93,A,145,161,0
106,A,146,161,0
121,B,147,161,0
136,B,148,161,0
136,B,149,161,0
94,B,150,161,0
94,B,151,161,0
158,B,152,161,0
158,B,153,161,0
122,B,154,161,0
94,B,155,161,0
137,B,156,161,0
94,B,157,161,0
149,B,158,161,0
108,B,159,161,0
108,B,160,161,0
149,B,161,161,0
134,B,162,161,0
122,B,163,161,0
136,B,164,161,0
123,B,165,161,0
137,B,166,161,0
149,B,167,161,0
149,B,168,161,0
108,B,169,161,0
123,B,170,161,0
149,B,171,161,0
125,A,172,161,0
97,A,173,161,0
138,A,174,161,0
81,A,175,161,0
97,A,176,161,0
97,A,177,161,0
124,A,178,161,0
97,A,179,161,0
110,A,180,161,0
97,A,181,161,0
81,A,182,161,0
81,A,183,161,0
113,A,80,162,0
139,A,81,162,0
85,A,82,162,0
127,A,83,162,0
85,A,84,162,0
85,A,85,162,0
113,A,86,162,0
113,A,87,162,0
127,A,88,162,0
127,A,89,162,0
139,A,90,162,0
128,B,91,162,0
87,B,92,162,0
130,B,93,162,0
101,B,94,162,0
114,B,95,162,0
144,B,96,162,0
143,B,97,162,0
89,B,98,162,0
159,B,99,162,0
130,B,100,162,0
89,B,101,162,0
144,B,102,162,0
140,B,103,162,0
141,B,104,162,0
114,B,105,162,0
151,B,106,162,0
130,B,107,162,0
154,B,108,162,0
150,B,109,162,0
130,B,110,162,0
151,B,111,162,0
154,B,112,162,0
140,B,113,162,0
102,B,114,162,0
128,B,115,162,0
130,B,116,162,0
161,B,117,162,0
143,B,118,162,0
144,B,119,162,0
141,B,120,162,0
161,B,121,162,0
106,A,122,162,0
103,A,123,162,0
117,A,124,162,0
117,A,125,162,0
107,A,126,162,0
105,A,127,162,0
88,A,128,162,0
129,A,129,162,0
93,A,130,162,0
93,A,131,162,0
117,A,132,162,0
104,A,133,162,0
104,A,134,162,0
104,A,135,162,0
145,A,136,162,0
145,A,137,162,0
120,A,138,162,0
132,A,139,162,0
132,A,140,162,0
105,A,141,162,0
105,A,142,162,0
135,A,143,162,0
93,A,144,162,0
93,A,145,162,0
132,A,146,162,0
146,A,147,162,0
123,B,148,162,0
121,B,149,162,0
149,B,150,162,0
94,B,151,162,0
109,B,152,162,0
147,B,153,162,0
94,B,154,162,0
122,B,155,162,0
158,B,156,162,0
149,B,157,162,0
148,B,158,162,0
108,B,159,162,0
136,B,160,162,0
136,B,161,162,0
109,B,162,162,0
136,B,163,162,0
147,B,164,162,0
109,B,165,162,0
134,B,166,162,0
134,B,167,162,0
136,B,168,162,0
137,B,169,162,0
137,B,170,162,0
123,B,171,162,0
97,A,172,162,0
124,A,173,162,0
125,A,174,162,0
125,A,175,162,0
81,A,176,162,0
98,A,177,162,0
126,A,178,162,0
126,A,179,162,0
97,A,180,162,0
110,A,181,162,0
95,A,182,162,0
113,A,80,163,0
85,A,81,163,0
139,A,82,163,0
127,A,83,163,0
127,A,84,163,0
127,A,85,163,0
127,A,86,163,0
113,A,87,163,0
113,A,88,163,0
85,A,89,163,0
139,A,90,163,0
128,B,91,163,0
130,B,92,163,0
159,B,93,163,0
151,B,94,163,0
114,B,95,163,0
99,B,96,163,0
150,B,97,163,0
89,B,98,163,0
143,B,99,163,0
130,B,100,163,0
154,B,101,163,0
114,B,102,163,0
144,B,103,163,0
140,B,104,163,0
154,B,105,163,0
114,B,106,163,0
151,B,107,163,0
143,B,108,163,0
114,B,109,163,0
151,B,110,163,0
130,B,111,163,0
140,B,112,163,0
102,B,113,163,0
140,B,114,163,0
140,B,115,163,0
151,B,116,163,0
151,B,117,163,0
143,B,118,163,0
141,B,119,163,0
161,B,120,163,0
150,B,121,163,0
143,B,122,163,0
106,A,123,163,0
103,A,124,163,0
145,A,125,163,0
145,A,126,163,0
105,A,127,163,0
106,A,128,163,0
120,A,129,163,0
93,A,130,163,0
129,A,131,163,0
129,A,132,163,0
132,A,133,163,0
162,A,134,163,0
162,A,135,163,0
162,A,136,163,0
145,A,137,163,0
146,A,138,163,0
146,A,139,163,0
164,A,140,163,0
155,A,141,163,0
155,A,142,163,0
131,A,143,163,0
131,A,144,163,0
106,A,145,163,0
157,A,146,163,0
132,A,147,163,0
132,A,148,163,0
158,B,149,163,0
158,B,150,163,0
123,B,151,163,0
109,B,152,163,0
147,B,153,163,0
94,B,154,163,0
158,B,155,163,0
147,B,156,163,0
147,B,157,163,0
149,B,158,163,0
158,B,159,163,0
147,B,160,163,0
147,B,161,163,0
136,B,162,163,0
137,B,163,163,0
147,B,164,163,0
147,B,165,163,0
109,B,166,163,0
134,B,167,163,0
109,B,168,163,0
121,B,169,163,0
137,B,170,163,0
108,B,171,163,0
124,A,172,163,0
126,A,173,163,0
126,A,174,163,0
125,A,175,163,0
138,A,176,163,0
98,A,177,163,0
126,A,178,163,0
124,A,179,163,0
126,A,180,163,0
97,A,181,163,0
85,A,81,164,0
127,A,82,164,0
85,A,83,164,0
139,A,84,164,0
139,A,85,164,0
139,A,86,164,0
139,A,87,164,0
85,A,88,164,0
127,A,89,164,0
139,A,90,164,0
115,B,91,164,0
115,B,92,164,0
159,B,93,164,0
140,B,94,164,0
143,B,95,164,0
99,B,96,164,0
99,B,97,164,0
151,B,98,164,0
144,B,99,164,0
154,B,100,164,0
154,B,101,164,0
114,B,102,164,0
89,B,103,164,0
151,B,104,164,0
140,B,105,164,0
114,B,106,164,0
130,B,107,164,0
159,B,108,164,0
154,B,109,164,0
154,B,110,164,0
144,B,111,164,0
144,B,112,164,0
144,B,113,164,0
161,B,114,164,0
130,B,115,164,0
159,B,116,164,0
159,B,117,164,0
140,B,118,164,0
141,B,119,164,0
150,B,120,164,0
143,B,121,164,0
154,B,122,164,0
107,A,123,164,0
104,A,124,164,0
155,A,125,164,0
155,A,126,164,0
117,A,127,164,0
106,A,128,164,0
157,A,129,164,0
93,A,130,164,0
157,A,131,164,0
157,A,132,164,0
120,A,133,164,0
120,A,134,164,0
129,A,135,164,0
162,A,136,164,0
146,A,137,164,0
155,A,138,164,0
155,A,139,164,0
164,A,140,164,0
131,A,141,164,0
155,A,142,164,0
146,A,143,164,0
131,A,144,164,0
106,A,145,164,0
106,A,146,164,0
155,A,147,164,0
155,A,148,164,0
132,A,149,164,0
158,B,150,164,0
134,B,151,164,0
134,B,152,164,0
109,B,153,164,0
136,B,154,164,0
136,B,155,164,0
148,B,156,164,0
149,B,157,164,0
109,B,158,164,0
147,B,159,164,0
158,B,160,164,0
123,B,161,164,0
109,B,162,164,0
134,B,163,164,0
148,B,164,164,0
148,B,165,164,0
158,B,166,164,0
109,B,167,164,0
149,B,168,164,0
149,B,169,164,0
121,B,170,164,0
137,B,171,164,0
149,B,172,164,0
125,A,173,164,0
97,A,174,164,0
138,A,175,164,0
138,A,176,164,0
98,A,177,164,0
98,A,178,164,0
97,A,179,164,0
97,A,180,164,0
139,A,82,165,0
85,A,83,165,0
139,A,84,165,0
113,A,85,165,0
85,A,86,165,0
85,A,87,165,0
113,A,88,165,0
127,A,89,165,0
127,A,90,165,0
159,B,91,165,0
151,B,92,165,0
115,B,93,165,0
143,B,94,165,0
140,B,95,165,0
140,B,96,165,0
128,B,97,165,0
144,B,98,165,0
151,B,99,165,0
99,B,100,165,0
154,B,101,165,0
89,B,102,165,0
140,B,103,165,0
140,B,104,165,0
130,B,105,165,0
150,B,106,165,0
144,B,107,165,0
144,B,108,165,0
140,B,109,165,0
144,B,110,165,0
141,B,111,165,0
141,B,112,165,0
161,B,113,165,0
143,B,114,165,0
130,B,115,165,0
130,B,116,165,0
140,B,117,165,0
140,B,118,165,0
151,B,119,165,0
144,B,120,165,0
154,B,121,165,0
130,B,122,165,0
161,B,123,165,0
163,A,124,165,0
155,A,125,165,0
155,A,126,165,0
120,A,127,165,0
88,A,128,165,0
129,A,129,165,0
157,A,130,165,0
120,A,131,165,0
157,A,132,165,0
117,A,133,165,0
120,A,134,165,0
155,A,135,165,0
146,A,136,165,0
117,A,137,165,0
132,A,138,165,0
164,A,139,165,0
133,A,140,165,0
133,A,141,165,0
146,A,142,165,0
120,A,143,165,0
107,A,144,165,0
107,A,145,165,0
146,A,146,165,0
162,A,147,165,0
155,A,148,165,0
132,A,149,165,0
135,A,150,165,0
147,B,151,165,0
94,B,152,165,0
158,B,153,165,0
136,B,154,165,0
121,B,155,165,0
121,B,156,165,0
109,B,157,165,0
109,B,158,165,0
123,B,159,165,0
123,B,160,165,0
158,B,161,165,0
134,B,162,165,0
137,B,163,165,0
109,B,164,165,0
134,B,165,165,0
123,B,166,165,0
137,B,167,165,0
148,B,168,165,0
149,B,169,165,0
137,B,170,165,0
158,B,171,165,0
158,B,172,165,0
125,A,173,165,0
97,A,174,165,0
98,A,175,165,0
98,A,176,165,0
124,A,177,165,0
113,A,82,166,0
85,A,83,166,0
127,A,84,166,0
113,A,85,166,0
85,A,86,166,0
85,A,87,166,0
139,A,88,166,0
113,A,89,166,0
113,A,90,166,0
159,B,91,166,0
151,B,92,166,0
128,B,93,166,0
115,B,94,166,0
114,B,95,166,0
151,B,96,166,0
128,B,97,166,0
154,B,98,166,0
143,B,99,166,0
151,B,100,166,0
99,B,101,166,0
161,B,102,166,0
130,B,103,166,0
130,B,104,166,0
89,B,105,166,0
151,B,106,166,0
150,B,107,166,0
140,B,108,166,0
161,B,109,166,0
140,B,110,166,0
102,B,111,166,0
150,B,112,166,0
143,B,113,166,0
144,B,114,166,0
150,B,115,166,0
161,B,116,166,0
141,B,117,166,0
151,B,118,166,0
141,B,119,166,0
161,B,120,166,0
161,B,121,166,0
154,B,122,166,0
130,B,123,166,0
163,A,124,166,0
163,A,125,166,0
105,A,126,166,0
105,A,127,166,0
120,A,128,166,0
104,A,129,166,0
129,A,130,166,0
129,A,131,166,0
117,A,132,166,0
131,A,133,166,0
120,A,134,166,0
155,A,135,166,0
155,A,136,166,0
164,A,137,166,0
117,A,138,166,0
105,A,139,166,0
120,A,140,166,0
132,A,141,166,0
146,A,142,166,0
146,A,143,166,0
107,A,144,166,0
131,A,145,166,0
162,A,146,166,0
156,A,147,166,0
107,A,148,166,0
107,A,149,166,0
162,A,150,166,0
94,B,151,166,0
158,B,152,166,0
148,B,153,166,0
148,B,154,166,0
121,B,155,166,0
147,B,156,166,0
121,B,157,166,0
158,B,158,166,0
136,B,159,166,0
137,B,160,166,0
137,B,161,166,0
148,B,162,166,0
137,B,163,166,0
137,B,164,166,0
109,B,165,166,0
158,B,166,166,0
137,B,167,166,0
147,B,168,166,0
148,B,169,166,0
108,B,170,166,0
158,B,171,166,0
158,B,172,166,0
149,B,173,166,0
81,A,174,166,0
81,A,175,166,0
81,A,176,166,0
127,A,83,167,0
127,A,84,167,0
113,A,85,167,0
139,A,86,167,0
139,A,87,167,0
127,A,88,167,0
113,A,89,167,0
85,A,90,167,0
114,B,91,167,0
154,B,92,167,0
154,B,93,167,0
128,B,94,167,0
114,B,95,167,0
151,B,96,167,0
151,B,97,167,0
154,B,98,167,0
141,B,99,167,0
89,B,100,167,0
161,B,101,167,0
150,B,102,167,0
159,B,103,167,0
141,B,104,167,0
141,B,105,167,0
159,B,106,167,0
150,B,107,167,0
143,B,108,167,0
130,B,109,167,0
161,B,110,167,0
144,B,111,167,0
150,B,112,167,0
130,B,113,167,0
144,B,114,167,0
144,B,115,167,0
143,B,116,167,0
159,B,117,167,0
141,B,118,167,0
130,B,119,167,0
140,B,120,167,0
161,B,121,167,0
143,B,122,167,0
130,B,123,167,0
130,B,124,167,0
163,A,125,167,0
163,A,126,167,0
155,A,127,167,0
120,A,128,167,0
157,A,129,167,0
104,A,130,167,0
106,A,131,167,0
146,A,132,167,0
131,A,133,167,0
131,A,134,167,0
164,A,135,167,0
155,A,136,167,0
120,A,137,167,0
163,A,138,167,0
105,A,139,167,0
163,A,140,167,0
132,A,141,167,0
132,A,142,167,0
146,A,143,167,0
146,A,144,167,0
162,A,145,167,0
164,A,146,167,0
135,A,147,167,0
117,A,148,167,0
162,A,149,167,0
162,A,150,167,0
162,A,151,167,0
121,B,152,167,0
148,B,153,167,0
148,B,154,167,0
147,B,155,167,0
134,B,156,167,0
134,B,157,167,0
136,B,158,167,0
109,B,159,167,0
109,B,160,167,0
136,B,161,167,0
149,B,162,167,0
148,B,163,167,0
123,B,164,167,0
148,B,165,167,0
147,B,166,167,0
147,B,167,167,0
149,B,168,167,0
158,B,169,167,0
148,B,170,167,0
147,B,171,167,0
149,B,172,167,0
147,B,173,167,0
124,A,174,167,0
81,A,175,167,0
127,A,84,168,0
127,A,85,168,0
113,A,86,168,0
113,A,87,168,0
139,A,88,168,0
85,A,89,168,0
85,A,90,168,0
159,B,91,168,0
154,B,92,168,0
159,B,93,168,0
114,B,94,168,0
128,B,95,168,0
154,B,96,168,0
143,B,97,168,0
150,B,98,168,0
150,B,99,168,0
130,B,100,168,0
89,B,101,168,0
159,B,102,168,0
154,B,103,168,0
141,B,104,168,0
154,B,105,168,0
154,B,106,168,0
144,B,107,168,0
141,B,108,168,0
130,B,109,168,0
150,B,110,168,0
144,B,111,168,0
159,B,112,168,0
150,B,113,168,0
130,B,114,168,0
150,B,115,168,0
144,B,116,168,0
144,B,117,168,0
159,B,118,168,0
140,B,119,168,0
143,B,120,168,0
151,B,121,168,0
161,B,122,168,0
130,B,123,168,0
151,B,124,168,0
135,A,125,168,0
93,A,126,168,0
135,A,127,168,0
117,A,128,168,0
104,A,129,168,0
157,A,130,168,0
88,A,131,168,0
146,A,132,168,0
131,A,133,168,0
117,A,134,168,0
132,A,135,168,0
117,A,136,168,0
163,A,137,168,0
155,A,138,168,0
163,A,139,168,0
133,A,140,168,0
133,A,141,168,0
133,A,142,168,0
146,A,143,168,0
93,A,144,168,0
164,A,145,168,0
133,A,146,168,0
155,A,147,168,0
117,A,148,168,0
163,A,149,168,0
163,A,150,168,0
162,A,151,168,0
121,B,152,168,0
109,B,153,168,0
109,B,154,168,0
134,B,155,168,0
134,B,156,168,0
136,B,157,168,0
148,B,158,168,0
147,B,159,168,0
147,B,160,168,0
136,B,161,168,0
109,B,162,168,0
149,B,163,168,0
148,B,164,168,0
147,B,165,168,0
147,B,166,168,0
137,B,167,168,0
136,B,168,168,0
123,B,169,168,0
137,B,170,168,0
149,B,171,168,0
149,B,172,168,0
123,B,173,168,0
85,A,86,169,0
85,A,87,169,0
127,A,88,169,0
85,A,89,169,0
159,B,90,169,0
159,B,91,169,0
141,B,92,169,0
141,B,93,169,0
100,B,94,169,0
159,B,95,169,0
100,B,96,169,0
154,B,97,169,0
143,B,98,169,0
140,B,99,169,0
130,B,100,169,0
143,B,101,169,0
154,B,102,169,0
154,B,103,169,0
150,B,104,169,0
144,B,105,169,0
130,B,106,169,0
140,B,107,169,0
141,B,108,169,0
150,B,109,169,0
150,B,110,169,0
143,B,111,169,0
159,B,112,169,0
159,B,113,169,0
143,B,114,169,0
144,B,115,169,0
140,B,116,169,0
140,B,117,169,0
141,B,118,169,0
143,B,119,169,0
150,B,120,169,0
144,B,121,169,0
144,B,122,169,0
159,B,123,169,0
140,B,124,169,0
135,A,125,169,0
135,A,126,169,0
93,A,127,169,0
104,A,128,169,0
93,A,129,169,0
157,A,130,169,0
157,A,131,169,0
133,A,132,169,0
133,A,133,169,0
131,A,134,169,0
132,A,135,169,0
132,A,136,169,0
117,A,137,169,0
117,A,138,169,0
105,A,139,169,0
105,A,140,169,0
155,A,141,169,0
163,A,142,169,0
120,A,143,169,0
93,A,144,169,0
133,A,145,169,0
156,A,146,169,0
135,A,147,169,0
135,A,148,169,0
135,A,149,169,0
107,A,150,169,0
107,A,151,169,0
162,A,152,169,0
136,B,153,169,0
136,B,154,169,0
158,B,155,169,0
158,B,156,169,0
148,B,157,169,0
158,B,158,169,0
148,B,159,169,0
147,B,160,169,0
148,B,161,169,0
158,B,162,169,0
158,B,163,169,0
134,B,164,169,0
148,B,165,169,0
137,B,166,169,0
136,B,167,169,0
134,B,168,169,0
134,B,169,169,0
123,B,170,169,0
108,B,171,169,0
108,B,172,169,0
123,B,173,169,0
85,A,87,170,0
113,A,88,170,0
113,A,89,170,0
154,B,90,170,0
114,B,91,170,0
154,B,92,170,0
151,B,93,170,0
100,B,94,170,0
151,B,95,170,0
141,B,96,170,0
114,B,97,170,0
141,B,98,170,0
143,B,99,170,0
130,B,100,170,0
130,B,101,170,0
143,B,102,170,0
143,B,103,170,0
159,B,104,170,0
150,B,105,170,0
151,B,106,170,0
161,B,107,170,0
161,B,108,170,0
150,B,109,170,0
141,B,110,170,0
159,B,111,170,0
141,B,112,170,0
143,B,113,170,0
161,B,114,170,0
161,B,115,170,0
130,B,116,170,0
140,B,117,170,0
151,B,118,170,0
141,B,119,170,0
143,B,120,170,0
141,B,121,170,0
141,B,122,170,0
143,B,123,170,0
118,A,124,170,0
118,A,125,170,0
104,A,126,170,0
104,A,127,170,0
93,A,128,170,0
93,A,129,170,0
160,A,130,170,0
160,A,131,170,0
106,A,132,170,0
157,A,133,170,0
133,A,134,170,0
133,A,135,170,0
155,A,136,170,0
152,A,137,170,0
152,A,138,170,0
105,A,139,170,0
107,A,140,170,0
93,A,141,170,0
164,A,142,170,0
132,A,143,170,0
131,A,144,170,0
157,A,145,170,0
156,A,146,170,0
156,A,147,170,0
135,A,148,170,0
164,A,149,170,0
164,A,150,170,0
157,A,151,170,0
157,A,152,170,0
155,A,153,170,0
136,B,154,170,0
158,B,155,170,0
148,B,156,170,0
109,B,157,170,0
134,B,158,170,0
134,B,159,170,0
136,B,160,170,0
137,B,161,170,0
158,B,162,170,0
134,B,163,170,0
134,B,164,170,0
149,B,165,170,0
148,B,166,170,0
147,B,167,170,0
147,B,168,170,0
134,B,169,170,0
149,B,170,170,0
108,B,171,170,0
108,B,172,170,0
127,A,88,171,0
127,A,89,171,0
154,B,90,171,0
114,B,91,171,0
144,B,92,171,0
161,B,93,171,0
151,B,94,171,0
151,B,95,171,0
114,B,96,171,0
114,B,97,171,0
100,B,98,171,0
144,B,99,171,0
154,B,100,171,0
100,B,101,171,0
100,B,102,171,0
143,B,103,171,0
159,B,104,171,0
141,B,105,171,0
141,B,106,171,0
151,B,107,171,0
161,B,108,171,0
154,B,109,171,0
159,B,110,171,0
143,B,111,171,0
140,B,112,171,0
141,B,113,171,0
150,B,114,171,0
159,B,115,171,0
130,B,116,171,0
143,B,117,171,0
161,B,118,171,0
151,B,119,171,0
140,B,120,171,0
130,B,121,171,0
141,B,122,171,0
141,B,123,171,0
118,A,124,171,0
107,A,125,171,0
107,A,126,171,0
118,A,127,171,0
120,A,128,171,0
135,A,129,171,0
160,A,130,171,0
156,A,131,171,0
152,A,132,171,0
152,A,133,171,0
156,A,134,171,0
155,A,135,171,0
107,A,136,171,0
153,A,137,171,0
153,A,138,171,0
152,A,139,171,0
107,A,140,171,0
107,A,141,171,0
93,A,142,171,0
157,A,143,171,0
131,A,144,171,0
157,A,145,171,0
163,A,146,171,0
155,A,147,171,0
155,A,148,171,0
156,A,149,171,0
156,A,150,171,0
155,A,151,171,0
155,A,152,171,0
157,A,153,171,0
107,A,154,171,0
123,B,155,171,0
149,B,156,171,0
149,B,157,171,0
109,B,158,171,0
136,B,159,171,0
137,B,160,171,0
148,B,161,171,0
158,B,162,171,0
134,B,163,171,0
137,B,164,171,0
148,B,165,171,0
123,B,166,171,0
123,B,167,171,0
148,B,168,171,0
137,B,169,171,0
149,B,170,171,0
149,B,171,171,0
128,B,90,172,0
144,B,91,172,0
141,B,92,172,0
144,B,93,172,0
154,B,94,172,0
130,B,95,172,0
114,B,96,172,0
143,B,97,172,0
140,B,98,172,0
144,B,99,172,0
128,B,100,172,0
151,B,101,172,0
144,B,102,172,0
100,B,103,172,0
154,B,104,172,0
154,B,105,172,0
141,B,106,172,0
161,B,107,172,0
154,B,108,172,0
159,B,109,172,0
143,B,110,172,0
144,B,111,172,0
144,B,112,172,0
154,B,113,172,0
159,B,114,172,0
159,B,115,172,0
141,B,116,172,0
161,B,117,172,0
161,B,118,172,0
140,B,119,172,0
130,B,120,172,0
130,B,121,172,0
161,B,122,172,0
144,B,123,172,0
160,A,124,172,0
160,A,125,172,0
160,A,126,172,0
160,A,127,172,0
155,A,128,172,0
135,A,129,172,0
135,A,130,172,0
156,A,131,172,0
156,A,132,172,0
156,A,133,172,0
117,A,134,172,0
117,A,135,172,0
155,A,136,172,0
107,A,137,172,0
107,A,138,172,0
153,A,139,172,0
120,A,140,172,0
164,A,141,172,0
131,A,142,172,0
93,A,143,172,0
132,A,144,172,0
132,A,145,172,0
131,A,146,172,0
135,A,147,172,0
131,A,148,172,0
155,A,149,172,0
156,A,150,172,0
107,A,151,172,0
157,A,152,172,0
93,A,153,172,0
135,A,154,172,0
123,B,155,172,0
123,B,156,172,0
123,B,157,172,0
134,B,158,172,0
109,B,159,172,0
123,B,160,172,0
137,B,161,172,0
136,B,162,172,0
136,B,163,172,0
137,B,164,172,0
137,B,165,172,0
123,B,166,172,0
158,B,167,172,0
137,B,168,172,0
137,B,169,172,0
149,B,170,172,0
123,B,171,172,0
100,B,91,173,0
141,B,92,173,0
161,B,93,173,0
161,B,94,173,0
130,B,95,173,0
159,B,96,173,0
143,B,97,173,0
140,B,98,173,0
150,B,99,173,0
128,B,100,173,0
128,B,101,173,0
151,B,102,173,0
144,B,103,173,0
150,B,104,173,0
154,B,105,173,0
128,B,106,173,0
143,B,107,173,0
159,B,108,173,0
130,B,109,173,0
140,B,110,173,0
140,B,111,173,0
143,B,112,173,0
144,B,113,173,0
150,B,114,173,0
150,B,115,173,0
143,B,116,173,0
154,B,117,173,0
144,B,118,173,0
143,B,119,173,0
102,B,120,173,0
151,B,121,173,0
161,B,122,173,0
159,B,123,173,0
118,A,124,173,0
118,A,125,173,0
155,A,126,173,0
160,A,127,173,0
155,A,128,173,0
153,A,129,173,0
104,A,130,173,0
104,A,131,173,0
142,A,132,173,0
153,A,133,173,0
142,A,134,173,0
117,A,135,173,0
155,A,136,173,0
145,A,137,173,0
145,A,138,173,0
120,A,139,173,0
120,A,140,173,0
157,A,141,173,0
93,A,142,173,0
164,A,143,173,0
132,A,144,173,0
132,A,145,173,0
135,A,146,173,0
135,A,147,173,0
131,A,148,173,0
145,A,149,173,0
145,A,150,173,0
135,A,151,173,0
93,A,152,173,0
162,A,153,173,0
163,A,154,173,0
163,A,155,173,0
109,B,156,173,0
147,B,157,173,0
148,B,158,173,0
123,B,159,173,0
123,B,160,173,0
149,B,161,173,0
136,B,162,173,0
136,B,163,173,0
148,B,164,173,0
147,B,165,173,0
109,B,166,173,0
136,B,167,173,0
158,B,168,173,0
137,B,169,173,0
123,B,170,173,0
130,B,91,174,0
128,B,92,174,0
161,B,93,174,0
100,B,94,174,0
100,B,95,174,0
102,B,96,174,0
102,B,97,174,0
143,B,98,174,0
161,B,99,174,0
161,B,100,174,0
100,B,101,174,0
151,B,102,174,0
128,B,103,174,0
143,B,104,174,0
151,B,105,174,0
130,B,106,174,0
159,B,107,174,0
141,B,108,174,0
150,B,109,174,0
150,B,110,174,0
150,B,111,174,0
143,B,112,174,0
143,B,113,174,0
150,B,114,174,0
128,B,115,174,0
144,B,116,174,0
154,B,117,174,0
144,B,118,174,0
141,B,119,174,0
150,B,120,174,0
102,B,121,174,0
161,B,122,174,0
142,A,123,174,0
142,A,124,174,0
132,A,125,174,0
104,A,126,174,0
118,A,127,174,0
160,A,128,174,0
118,A,129,174,0
153,A,130,174,0
135,A,131,174,0
160,A,132,174,0
120,A,133,174,0
153,A,134,174,0
155,A,135,174,0
164,A,136,174,0
164,A,137,174,0
145,A,138,174,0
120,A,139,174,0
120,A,140,174,0
157,A,141,174,0
131,A,142,174,0
164,A,143,174,0
135,A,144,174,0
164,A,145,174,0
133,A,146,174,0
163,A,147,174,0
145,A,148,174,0
145,A,149,174,0
135,A,150,174,0
162,A,151,174,0
93,A,152,174,0
107,A,153,174,0
163,A,154,174,0
164,A,155,174,0
162,A,156,174,0
148,B,157,174,0
149,B,158,174,0
158,B,159,174,0
148,B,160,174,0
148,B,161,174,0
149,B,162,174,0
158,B,163,174,0
147,B,164,174,0
149,B,165,174,0
148,B,166,174,0
148,B,167,174,0
149,B,168,174,0
158,B,169,174,0
128,B,92,175,0
100,B,93,175,0
100,B,94,175,0
140,B,95,175,0
102,B,96,175,0
141,B,97,175,0
144,B,98,175,0
102,B,99,175,0
102,B,100,175,0
159,B,101,175,0
102,B,102,175,0
154,B,103,175,0
143,B,104,175,0
143,B,105,175,0
144,B,106,175,0
141,B,107,175,0
141,B,108,175,0
143,B,109,175,0
154,B,110,175,0
154,B,111,175,0
159,B,112,175,0
151,B,113,175,0
151,B,114,175,0
154,B,115,175,0
128,B,116,175,0
144,B,117,175,0
151,B,118,175,0
151,B,119,175,0
141,B,120,175,0
144,B,121,175,0
152,A,122,175,0
142,A,123,175,0
142,A,124,175,0
162,A,125,175,0
132,A,126,175,0
104,A,127,175,0
155,A,128,175,0
157,A,129,175,0
118,A,130,175,0
156,A,131,175,0
157,A,132,175,0
152,A,133,175,0
106,A,134,175,0
132,A,135,175,0
160,A,136,175,0
160,A,137,175,0
156,A,138,175,0
153,A,139,175,0
120,A,140,175,0
152,A,141,175,0
152,A,142,175,0
135,A,143,175,0
135,A,144,175,0
133,A,145,175,0
163,A,146,175,0
145,A,147,175,0
133,A,148,175,0
133,A,149,175,0
135,A,150,175,0
162,A,151,175,0
107,A,152,175,0
107,A,153,175,0
164,A,154,175,0
164,A,155,175,0
135,A,156,175,0
135,A,157,175,0
146,A,158,175,0
149,B,159,175,0
136,B,160,175,0
136,B,161,175,0
148,B,162,175,0
109,B,163,175,0
158,B,164,175,0
137,B,165,175,0
137,B,166,175,0
148,B,167,175,0
154,B,93,176,0
154,B,94,176,0
151,B,95,176,0
151,B,96,176,0
151,B,97,176,0
130,B,98,176,0
130,B,99,176,0
102,B,100,176,0
102,B,101,176,0
159,B,102,176,0
154,B,103,176,0
154,B,104,176,0
144,B,105,176,0
144,B,106,176,0
140,B,107,176,0
154,B,108,176,0
143,B,109,176,0
140,B,110,176,0
151,B,111,176,0
130,B,112,176,0
151,B,113,176,0
151,B,114,176,0
143,B,115,176,0
143,B,116,176,0
150,B,117,176,0
150,B,118,176,0
143,B,119,176,0
141,B,120,176,0
152,A,121,176,0
118,A,122,176,0
160,A,123,176,0
160,A,124,176,0
162,A,125,176,0
153,A,126,176,0
146,A,127,176,0
104,A,128,176,0
104,A,129,176,0
157,A,130,176,0
156,A,131,176,0
107,A,132,176,0
104,A,133,176,0
163,A,134,176,0
156,A,135,176,0
153,A,136,176,0
133,A,137,176,0
153,A,138,176,0
153,A,139,176,0
133,A,140,176,0
163,A,141,176,0
135,A,142,176,0
93,A,143,176,0
164,A,144,176,0
164,A,145,176,0
107,A,146,176,0
145,A,147,176,0
162,A,148,176,0
133,A,149,176,0
164,A,150,176,0
164,A,151,176,0
135,A,152,176,0
133,A,153,176,0
146,A,154,176,0
107,A,155,176,0
107,A,156,176,0
135,A,157,176,0
157,A,158,176,0
146,A,159,176,0
146,A,160,176,0
123,B,161,176,0
148,B,162,176,0
109,B,163,176,0
109,B,164,176,0
147,B,165,176,0
100,B,95,177,0
151,B,96,177,0
159,B,97,177,0
141,B,98,177,0
141,B,99,177,0
161,B,100,177,0
161,B,101,177,0
161,B,102,177,0
150,B,103,177,0
141,B,104,177,0
161,B,105,177,0
159,B,106,177,0
161,B,107,177,0
140,B,108,177,0
154,B,109,177,0
154,B,110,177,0
151,B,111,177,0
151,B,112,177,0
130,B,113,177,0
159,B,114,177,0
161,B,115,177,0
161,B,116,177,0
154,B,117,177,0
142,A,118,177,0
156,A,119,177,0
152,A,120,177,0
132,A,121,177,0
132,A,122,177,0
152,A,123,177,0
153,A,124,177,0
153,A,125,177,0
146,A,126,177,0
104,A,127,177,0
156,A,128,177,0
104,A,129,177,0
107,A,130,177,0
156,A,131,177,0
142,A,132,177,0
157,A,133,177,0
156,A,134,177,0
163,A,135,177,0
133,A,136,177,0
153,A,137,177,0
156,A,138,177,0
163,A,139,177,0
163,A,140,177,0
153,A,141,177,0
132,A,142,177,0
132,A,143,177,0
93,A,144,177,0
133,A,145,177,0
164,A,146,177,0
162,A,147,177,0
162,A,148,177,0
163,A,149,177,0
157,A,150,177,0
156,A,151,177,0
146,A,152,177,0
135,A,153,177,0
156,A,154,177,0
157,A,155,177,0
107,A,156,177,0
164,A,157,177,0
157,A,158,177,0
157,A,159,177,0
135,A,160,177,0
133,A,161,177,0
123,B,162,177,0
156,A,163,177,0
102,B,97,178,0
150,B,98,178,0
143,B,99,178,0
130,B,100,178,0
130,B,101,178,0
150,B,102,178,0
150,B,103,178,0
161,B,104,178,0
141,B,105,178,0
141,B,106,178,0
159,B,107,178,0
143,B,108,178,0
143,B,109,178,0
143,B,110,178,0
141,B,111,178,0
143,B,112,178,0
143,B,113,178,0
143,B,114,178,0
159,B,115,178,0
157,A,116,178,0
163,A,117,178,0
163,A,118,178,0
156,A,119,178,0
157,A,120,178,0
157,A,121,178,0
132,A,122,178,0
152,A,123,178,0
146,A,124,178,0
118,A,125,178,0
160,A,126,178,0
156,A,127,178,0
156,A,128,178,0
163,A,129,178,0
107,A,130,178,0
157,A,131,178,0
157,A,132,178,0
106,A,133,178,0
106,A,134,178,0
152,A,135,178,0
163,A,136,178,0
156,A,137,178,0
163,A,138,178,0
163,A,139,178,0
135,A,140,178,0
145,A,141,178,0
132,A,142,178,0
120,A,143,178,0
146,A,144,178,0
164,A,145,178,0
157,A,146,178,0
93,A,147,178,0
163,A,148,178,0
163,A,149,178,0
135,A,150,178,0
156,A,151,178,0
146,A,152,178,0
146,A,153,178,0
163,A,154,178,0
135,A,155,178,0
156,A,156,178,0
164,A,157,178,0
146,A,158,178,0
157,A,159,178,0
135,A,160,178,0
164,A,161,178,0
156,A,162,178,0
143,B,98,179,0
102,B,99,179,0
130,B,100,179,0
143,B,101,179,0
151,B,102,179,0
154,B,103,179,0
143,B,104,179,0
143,B,105,179,0
159,B,106,179,0
154,B,107,179,0
143,B,108,179,0
140,B,109,179,0
154,B,110,179,0
159,B,111,179,0
159,B,112,179,0
153,A,113,179,0
162,A,114,179,0
157,A,115,179,0
157,A,116,179,0
142,A,117,179,0
163,A,118,179,0
152,A,119,179,0
157,A,120,179,0
157,A,121,179,0
132,A,122,179,0
146,A,123,179,0
146,A,124,179,0
160,A,125,179,0
160,A,126,179,0
152,A,127,179,0
163,A,128,179,0
152,A,129,179,0
107,A,130,179,0
145,A,131,179,0
142,A,132,179,0
142,A,133,179,0
106,A,134,179,0
163,A,135,179,0
153,A,136,179,0
163,A,137,179,0
156,A,138,179,0
152,A,139,179,0
135,A,140,179,0
120,A,141,179,0
120,A,142,179,0
146,A,143,179,0
107,A,144,179,0
157,A,145,179,0
120,A,146,179,0
133,A,147,179,0
133,A,148,179,0
133,A,149,179,0
133,A,150,179,0
145,A,151,179,0
156,A,152,179,0
133,A,153,179,0
163,A,154,179,0
135,A,155,179,0
135,A,156,179,0
156,A,157,179,0
164,A,158,179,0
135,A,159,179,0
133,A,160,179,0
135,A,161,179,0
159,B,101,180,0
151,B,102,180,0
154,B,103,180,0
154,B,104,180,0
141,B,105,180,0
143,B,106,180,0
151,B,107,180,0
154,B,108,180,0
140,B,109,180,0
160,A,110,180,0
153,A,111,180,0
152,A,112,180,0
152,A,113,180,0
162,A,114,180,0
162,A,115,180,0
160,A,116,180,0
153,A,117,180,0
153,A,118,180,0
142,A,119,180,0
162,A,120,180,0
153,A,121,180,0
152,A,122,180,0
142,A,123,180,0
142,A,124,180,0
160,A,125,180,0
120,A,126,180,0
120,A,127,180,0
152,A,128,180,0
132,A,129,180,0
156,A,130,180,0
104,A,131,180,0
142,A,132,180,0
142,A,133,180,0
104,A,134,180,0
104,A,135,180,0
163,A,136,180,0
153,A,137,180,0
160,A,138,180,0
160,A,139,180,0
163,A,140,180,0
164,A,141,180,0
152,A,142,180,0
107,A,143,180,0
157,A,144,180,0
157,A,145,180,0
155,A,146,180,0
93,A,147,180,0
155,A,148,180,0
162,A,149,180,0
107,A,150,180,0
107,A,151,180,0
135,A,152,180,0
164,A,153,180,0
164,A,154,180,0
146,A,155,180,0
146,A,156,180,0
133,A,157,180,0
164,A,158,180,0
135,A,159,180,0
133,A,160,180,0
141,B,103,181,0
141,B,104,181,0
140,B,105,181,0
141,B,106,181,0
144,B,107,181,0
151,B,108,181,0
157,A,109,181,0
157,A,110,181,0
153,A,111,181,0
153,A,112,181,0
142,A,113,181,0
142,A,114,181,0
157,A,115,181,0
156,A,116,181,0
160,A,117,181,0
160,A,118,181,0
142,A,119,181,0
156,A,120,181,0
160,A,121,181,0
157,A,122,181,0
152,A,123,181,0
160,A,124,181,0
142,A,125,181,0
152,A,126,181,0
152,A,127,181,0
156,A,128,181,0
156,A,129,181,0
160,A,130,181,0
156,A,131,181,0
164,A,132,181,0
164,A,133,181,0
104,A,134,181,0
132,A,135,181,0
142,A,136,181,0
153,A,137,181,0
160,A,138,181,0
164,A,139,181,0
164,A,140,181,0
133,A,141,181,0
152,A,142,181,0
120,A,143,181,0
155,A,144,181,0
120,A,145,181,0
146,A,146,181,0
93,A,147,181,0
145,A,148,181,0
145,A,149,181,0
156,A,150,181,0
107,A,151,181,0
164,A,152,181,0
146,A,153,181,0
133,A,154,181,0
146,A,155,181,0
145,A,156,181,0
133,A,157,181,0
164,A,158,181,0
146,A,159,181,0
144,B,106,182,0
157,A,107,182,0
153,A,108,182,0
153,A,109,182,0
162,A,110,182,0
162,A,111,182,0
160,A,112,182,0
142,A,113,182,0
142,A,114,182,0
157,A,115,182,0
156,A,116,182,0
157,A,117,182,0
152,A,118,182,0
157,A,119,182,0
160,A,120,182,0
153,A,121,182,0
157,A,122,182,0
160,A,123,182,0
160,A,124,182,0
162,A,125,182,0
146,A,126,182,0
163,A,127,182,0
163,A,128,182,0
156,A,129,182,0
142,A,130,182,0
145,A,131,182,0
164,A,132,182,0
132,A,133,182,0
132,A,134,182,0
132,A,135,182,0
142,A,136,182,0
160,A,137,182,0
160,A,138,182,0
152,A,139,182,0
164,A,140,182,0
152,A,141,182,0
135,A,142,182,0
120,A,143,182,0
120,A,144,182,0
146,A,145,182,0
146,A,146,182,0
120,A,147,182,0
145,A,148,182,0
146,A,149,182,0
162,A,150,182,0
135,A,151,182,0
155,A,152,182,0
146,A,153,182,0
164,A,154,182,0
164,A,155,182,0
156,A,156,182,0
156,A,157,182,0
146,A,158,182,0
153,A,108,183,0
142,A,109,183,0
152,A,110,183,0
152,A,111,183,0
162,A,112,183,0
142,A,113,183,0
152,A,114,183,0
160,A,115,183,0
142,A,116,183,0
160,A,117,183,0
157,A,118,183,0
153,A,119,183,0
160,A,120,183,0
152,A,121,183,0
153,A,122,183,0
156,A,123,183,0
162,A,124,183,0
162,A,125,183,0
164,A,126,183,0
142,A,127,183,0
132,A,128,183,0
164,A,129,183,0
153,A,130,183,0
153,A,131,183,0
107,A,132,183,0
132,A,133,183,0
160,A,134,183,0
153,A,135,183,0
107,A,136,183,0
142,A,137,183,0
107,A,138,183,0
152,A,139,183,0
160,A,140,183,0
160,A,141,183,0
120,A,142,183,0
155,A,143,183,0
153,A,144,183,0
153,A,145,183,0
153,A,146,183,0
120,A,147,183,0
145,A,148,183,0
164,A,149,183,0
164,A,150,183,0
162,A,151,183,0
135,A,152,183,0
155,A,153,183,0
145,A,154,183,0
163,A,155,183,0
156,A,156,183,0
133,A,157,183,0
142,A,109,184,0
160,A,110,184,0
160,A,111,184,0
162,A,112,184,0
162,A,113,184,0
162,A,114,184,0
163,A,115,184,0
160,A,116,184,0
142,A,117,184,0
156,A,118,184,0
156,A,119,184,0
160,A,120,184,0
163,A,121,184,0
156,A,122,184,0
153,A,123,184,0
152,A,124,184,0
164,A,125,184,0
160,A,126,184,0
152,A,127,184,0
142,A,128,184,0
142,A,129,184,0
164,A,130,184,0
152,A,131,184,0
164,A,132,184,0
164,A,133,184,0
160,A,134,184,0
93,A,135,184,0
153,A,136,184,0
107,A,137,184,0
133,A,138,184,0
135,A,139,184,0
160,A,140,184,0
133,A,141,184,0
153,A,142,184,0
162,A,143,184,0
145,A,144,184,0
157,A,145,184,0
133,A,146,184,0
146,A,147,184,0
145,A,148,184,0
164,A,149,184,0
164,A,150,184,0
146,A,151,184,0
162,A,152,184,0
162,A,153,184,0
163,A,154,184,0
163,A,155,184,0
164,A,156,184,0
153,A,110,185,0
160,A,111,185,0
152,A,112,185,0
152,A,113,185,0
163,A,114,185,0
163,A,115,185,0
157,A,116,185,0
153,A,117,185,0
142,A,118,185,0
160,A,119,185,0
157,A,120,185,0
156,A,121,185,0
132,A,122,185,0
156,A,123,185,0
164,A,124,185,0
160,A,125,185,0
153,A,126,185,0
142,A,127,185,0
162,A,128,185,0
164,A,129,185,0
164,A,130,185,0
152,A,131,185,0
153,A,132,185,0
152,A,133,185,0
160,A,134,185,0
163,A,135,185,0
107,A,136,185,0
153,A,137,185,0
133,A,138,185,0
160,A,139,185,0
135,A,140,185,0
152,A,141,185,0
157,A,142,185,0
142,A,143,185,0
145,A,144,185,0
133,A,145,185,0
146,A,146,185,0
162,A,147,185,0
163,A,148,185,0
163,A,149,185,0
145,A,150,185,0
146,A,151,185,0
155,A,152,185,0
162,A,153,185,0
157,A,110,186,0
157,A,111,186,0
153,A,112,186,0
163,A,113,186,0
163,A,114,186,0
163,A,115,186,0
152,A,116,186,0
142,A,117,186,0
160,A,118,186,0
142,A,119,186,0
157,A,120,186,0
156,A,121,186,0
162,A,122,186,0
132,A,123,186,0
164,A,124,186,0
132,A,125,186,0
132,A,126,186,0
153,A,127,186,0
107,A,128,186,0
160,A,129,186,0
153,A,130,186,0
153,A,131,186,0
164,A,132,186,0
153,A,133,186,0
160,A,134,186,0
142,A,135,186,0
162,A,136,186,0
153,A,137,186,0
152,A,138,186,0
152,A,139,186,0
133,A,140,186,0
133,A,141,186,0
133,A,142,186,0
153,A,143,186,0
142,A,144,186,0
133,A,145,186,0
120,A,146,186,0
146,A,147,186,0
162,A,148,186,0
163,A,149,186,0
145,A,150,186,0
155,A,151,186,0
153,A,112,187,0
142,A,113,187,0
156,A,114,187,0
156,A,115,187,0
156,A,116,187,0
142,A,117,187,0
153,A,118,187,0
160,A,119,187,0
164,A,120,187,0
152,A,121,187,0
162,A,122,187,0
162,A,123,187,0
132,A,124,187,0
142,A,125,187,0
132,A,126,187,0
145,A,127,187,0
107,A,128,187,0
142,A,129,187,0
146,A,130,187,0
152,A,131,187,0
162,A,132,187,0
153,A,133,187,0
133,A,134,187,0
133,A,135,187,0
162,A,136,187,0
162,A,137,187,0
152,A,138,187,0
152,A,139,187,0
142,A,140,187,0
142,A,141,187,0
153,A,142,187,0
145,A,143,187,0
155,A,144,187,0
120,A,145,187,0
155,A,146,187,0
155,A,147,187,0
146,A,148,187,0
163,A,149,187,0
142,A,114,188,0
156,A,115,188,0
153,A,116,188,0
152,A,117,188,0
142,A,118,188,0
163,A,119,188,0
152,A,120,188,0
160,A,121,188,0
146,A,122,188,0
146,A,123,188,0
153,A,124,188,0
156,A,125,188,0
142,A,126,188,0
152,A,127,188,0
142,A,128,188,0
164,A,129,188,0
152,A,130,188,0
145,A,131,188,0
162,A,132,188,0
153,A,133,188,0
146,A,134,188,0
146,A,135,188,0
133,A,136,188,0
142,A,137,188,0
142,A,138,188,0
133,A,139,188,0
152,A,140,188,0
153,A,141,188,0
153,A,142,188,0
155,A,143,188,0
142,A,144,188,0
120,A,145,188,0
120,A,146,188,0
155,A,147,188,0
152,A,116,189,0
152,A,117,189,0
163,A,118,189,0
160,A,119,189,0
163,A,120,189,0
156,A,121,189,0
156,A,122,189,0
153,A,123,189,0
146,A,124,189,0
156,A,125,189,0
152,A,126,189,0
152,A,127,189,0
164,A,128,189,0
142,A,129,189,0
145,A,130,189,0
145,A,131,189,0
145,A,132,189,0
145,A,133,189,0
146,A,134,189,0
155,A,135,189,0
155,A,136,189,0
133,A,137,189,0
142,A,138,189,0
142,A,139,189,0
155,A,140,189,0
145,A,141,189,0
145,A,142,189,0
142,A,143,189,0
142,A,144,189,0
120,A,145,189,0
