,sim 0_0_10_1000000_1000000 - step_10000.csv,sim 0_0_10_1000_1000 - step_10000.csv,sim 0_0_100_1000000_1000000 - step_10000.csv,sim 0_0_10_100_100000 - step_10000.csv,sim 0_0_1000_10_100 - step_10000.csv,sim 0_0_100_100_0 - step_10000.csv,sim 0_0_100_1000000_100000 - step_10000.csv,sim 0_0_10_100_1000000 - step_10000.csv,sim 0_0_10_10000_100 - step_10000.csv,sim 0_0_10_100_0 - step_10000.csv,sim 0_0_10_10000_1000000 - step_10000.csv,sim 0_0_10_10000_100000 - step_10000.csv,sim 0_0_100_100000_0 - step_10000.csv,sim 0_0_100_1000_0 - step_10000.csv,sim 0_0_100_100000_100000 - step_10000.csv,sim 0_0_10_100_10000 - step_10000.csv,sim 0_0_1000_10_1000 - step_10000.csv,sim 0_0_100_100000_10 - step_10000.csv,sim 0_0_100_0_100000 - step_10000.csv,sim 0_0_10_10000_0 - step_10000.csv,sim 0_0_10_100000_0 - step_10000.csv,sim 0_0_1000_0_100000 - step_10000.csv,sim 0_0_10_100000_1000 - step_10000.csv,sim 0_0_10_10_1000000 - step_10000.csv,sim 0_0_100_100000_1000 - step_10000.csv,sim 0_0_100_1000_1000 - step_10000.csv,sim 0_0_100_1000000_10000 - step_10000.csv,sim 0_0_100_1000_100 - step_10000.csv,sim 0_0_10_100_100 - step_10000.csv,sim 0_0_10_1000_10 - step_10000.csv,sim 0_0_100_10000_10000 - step_10000.csv,sim 0_0_100_100000_100 - step_10000.csv,sim 0_0_10_1000_1000000 - step_10000.csv,sim 0_0_100_100_100 - step_10000.csv,sim 0_0_100_1000_10 - step_10000.csv,sim 0_0_1000_100_0 - step_10000.csv,sim 0_0_100_10000_100000 - step_10000.csv,sim 0_0_10_1000000_10 - step_10000.csv,sim 0_0_100_100_100000 - step_10000.csv,sim 0_0_100_0_100 - step_10000.csv,sim 0_0_100_10000_100 - step_10000.csv,sim 0_0_100_10000_1000 - step_10000.csv,sim 0_0_100_1000000_0 - step_10000.csv,sim 0_0_100_1000000_100 - step_10000.csv,sim 0_0_10_100_1000 - step_10000.csv,sim 0_0_1000_10_10000 - step_10000.csv,sim 0_0_10_100000_100000 - step_10000.csv,sim 0_0_1000_10_1000000 - step_10000.csv,sim 0_0_100_10_10000 - step_10000.csv,sim 0_0_100_10_100 - step_10000.csv,sim 0_0_100_0_1000000 - step_10000.csv,sim 0_0_100_10000_1000000 - step_10000.csv,sim 0_0_100_1000000_1000 - step_10000.csv,sim 0_0_100_10_100000 - step_10000.csv,sim 0_0_10_100000_10000 - step_10000.csv,sim 0_0_10_1000_0 - step_10000.csv,sim 0_0_10_1000000_10000 - step_10000.csv,sim 0_0_100_10_0 - step_10000.csv,sim 0_0_10_100000_1000000 - step_10000.csv,sim 0_0_1000_0_10 - step_10000.csv,sim 0_0_1000_0_10000 - step_10000.csv,sim 0_0_100_100000_1000000 - step_10000.csv,sim 0_0_10_10000_10000 - step_10000.csv,sim 0_0_100_100000_10000 - step_10000.csv,sim 0_0_100_1000_1000000 - step_10000.csv,sim 0_0_10_100_10 - step_10000.csv,sim 0_0_100_10_10 - step_10000.csv,sim 0_0_100_10_1000 - step_10000.csv,sim 0_0_100_1000000_10 - step_10000.csv,sim 0_0_100_10000_10 - step_10000.csv,sim 0_0_10_1000_100000 - step_10000.csv,sim 0_0_100_0_1000 - step_10000.csv,sim 0_0_10_1000000_1000 - step_10000.csv,sim 0_0_10_10000_1000 - step_10000.csv,sim 0_0_100_0_0 - step_10000.csv,sim 0_0_100_10_1000000 - step_10000.csv,sim 0_0_10_1000_10000 - step_10000.csv,sim 0_0_1000_10_100000 - step_10000.csv,sim 0_0_10_10000_10 - step_10000.csv,sim 0_0_1000_0_100 - step_10000.csv,sim 0_0_10_1000000_100 - step_10000.csv,sim 0_0_100_0_10000 - step_10000.csv,sim 0_0_100_100_10 - step_10000.csv,sim 0_0_1000_10_0 - step_10000.csv,sim 0_0_1000_0_1000000 - step_10000.csv,sim 0_0_100_10000_0 - step_10000.csv,sim 0_0_10_1000000_0 - step_10000.csv,sim 0_0_10_1000000_100000 - step_10000.csv,sim 0_0_100_1000_100000 - step_10000.csv,sim 0_0_10_1000_100 - step_10000.csv,sim 0_0_100_1000_10000 - step_10000.csv,sim 0_0_100_100_1000 - step_10000.csv,sim 0_0_1000_10_10 - step_10000.csv,sim 0_0_1000_0_1000 - step_10000.csv,sim 0_0_10_100000_100 - step_10000.csv,sim 0_0_100_100_10000 - step_10000.csv,sim 0_0_100_0_10 - step_10000.csv,sim 0_0_100_100_1000000 - step_10000.csv,sim 0_0_10_100000_10 - step_10000.csv,sim 0_0_1000_0_0 - step_10000.csv
sim 0_0_10_1000000_1000000 - step_10000.csv,1.2434497875801753e-14,70.8278651688092,376.87609903988135,463.01945253462617,284.1746131394461,293.0506631924695,370.5576173863288,543.8979329484283,128.41461159445137,233.71539543186532,832.4820480412127,944.2952165832801,330.61712736316446,333.14438107831336,381.1234348061304,530.7082721896078,575.8555007397554,108.9929988202719,1087.697851602311,227.49712101294293,232.6826097891756,1274.0018899972933,47.89915227314827,355.7868710896531,380.98840686236497,345.3200009668304,359.2545428720129,334.26955113603873,191.0255524367314,344.95026957783796,365.5458547697844,314.2886132121153,817.0327493628366,317.2089637382999,124.09705434469477,967.5630000216102,732.8938392104407,361.2639540738571,338.86036396184056,1073.6485870226268,344.22156986468923,373.2894600321666,327.71706080080645,342.4109030828634,506.00894420195436,628.5346415869103,101.7812167946249,562.9470912203751,334.26421531871057,257.8738603119157,1170.6281207070326,823.8355788648109,352.8209069582924,317.6028260713255,75.62949718384874,229.16138529806116,90.70355997772545,471.04050117965545,740.6332404255975,655.1791824659196,1238.5320071720507,908.8021078112167,70.82603036447118,391.35042814567794,846.7098694679834,378.6883063763958,263.8075589850058,334.70232326394245,132.10717467642496,98.83961061451596,811.9059137176712,1167.8066734398092,93.63392415807482,84.08127523247235,635.6019088933275,329.2760009040657,798.4032934812169,589.7347874431913,395.9589908216532,1177.841675721162,129.07758853526272,1224.24350632521,182.67897151333375,456.4814794778406,1245.137874836912,329.1106174285994,229.45017165695697,77.28172750100902,851.6412856228397,126.60824210938388,756.4246776916422,348.2833537332235,270.89222674428447,1267.7803225810133,139.84402756075113,340.1379954896007,629.93465738857,341.0320166054767,361.8405510824648,585.4306694097249
sim 0_0_10_1000_1000 - step_10000.csv,70.8278651688092,3.552713678800501e-15,358.3198783328392,417.8707219358957,303.78672940023654,345.66788403844157,351.47233397591566,483.5703188071507,140.6191256466374,268.9017063475002,768.1218770339086,879.719669575218,379.7341650850133,378.4850751380608,360.3299605263864,477.86840041277156,547.7259963429691,87.51733970698218,1108.7787121533493,260.4295957245157,272.1085913506113,1296.348509906702,67.52778314949363,383.59524905572283,363.31421822845516,328.90037746007306,341.30974791165653,311.631692417934,187.06103706646917,370.1345097770263,348.1449500004076,284.4094393923559,752.4878943413066,295.69772716455225,132.44077701711998,923.8046403151284,674.886641744779,383.33782738949463,296.1640613172527,1102.8005886031428,327.2013992468763,356.299211470357,377.79386525514445,321.602666720927,446.6370729755631,599.4943753985383,44.47572056428653,532.9169675438825,335.28157319017294,310.56590002144986,1193.3000622686393,763.0278399330439,332.64072661214067,315.30938191204416,75.47226092336703,269.34772552353394,100.20751397055533,502.56265877543774,676.1077397260427,708.5994235394562,1265.352463909134,847.6031491553324,47.14739107347569,374.6665220045554,787.4638715382167,400.5829560461063,292.6235817492653,342.1282912001853,119.486983608768,51.685503854341896,747.6175946545603,1189.95453286623,52.35800886384415,54.3423690359034,688.984670709916,318.4107008795233,734.0703569121041,562.970977293527,415.19924670306364,1199.1412778914716,120.21598525531887,1249.635580365196,185.88505410438557,486.38065751902906,1275.0584874511844,373.3191843453831,271.52140826207676,36.08740320933134,790.8748635840933,138.50967256246605,698.0242271515193,303.2011932558509,298.77928732697984,1293.7363152423748,107.00779525809294,296.20361481556176,683.3824718209473,298.34564211320935,385.66499207146967,639.3820619096027
sim 0_0_100_1000000_1000000 - step_10000.csv,376.87609903988135,358.3198783328392,1.4210854715202004e-14,698.8856238711668,498.66002521513445,512.002546042205,77.32561518468347,715.9437989642504,465.298582002841,565.6922571645389,809.2268882844331,901.2504688445437,531.9567997860682,500.8146214853352,42.62842940925276,732.9573058580943,451.6891142495838,420.4926344341957,1086.7365034537681,563.4443387436172,573.9722092003759,1276.6537013335605,400.2106412495339,681.1871308584992,71.3407884069751,46.75725327674472,68.82600273674467,74.49135838762065,509.97714405500017,666.8651286041829,45.38981399326198,80.74111777897649,804.1828362651577,157.11180565672137,473.41904722322414,793.5821626008973,593.9769995199018,670.7261747766684,159.78577519140904,1108.4878197414673,51.533276830856074,62.28690805869482,538.7813188511831,58.74566100875954,682.0441499100548,456.7346573324858,350.7942197541744,447.70160874657046,505.8973746383882,537.1280836256359,1175.6635648335443,682.761694420751,68.0730113340259,499.3209011749263,422.5517926415236,560.514141368654,426.20179326980247,628.2232517405254,789.4143169091409,775.1784066222979,1259.508891536574,767.6803718360271,394.85634053695327,67.20355033747649,698.2108409864467,685.0833973387294,606.8138492686237,537.836756457434,462.230515624236,384.0023009925926,801.0015500241651,1180.3028154716765,397.25881721440345,395.87369669718106,755.1245846654072,500.7175845494816,799.7657180292559,454.56219696733024,711.2136621428077,1176.2044637901492,465.14841305269897,1247.053039474413,526.6592555329768,620.1114569571553,1280.6320815927781,521.0143641363991,556.2959302683992,355.9285952995752,708.5035270836231,477.517276885468,618.3920757374188,174.20871200711312,616.8659917119096,1287.0121678832586,435.7460144686365,177.0230290099418,749.8760742745354,190.82559961051746,680.8053196390566,706.1978023421385
sim 0_0_10_100_100000 - step_10000.csv,463.01945253462617,417.8707219358957,698.8856238711668,0.0,520.7716289697331,654.2712870140008,680.6399429932115,89.47973271954109,417.8949873192221,560.209787095862,391.58584400386803,515.946192496183,621.7637424427814,631.5511520821681,700.5986502215205,70.24856400593332,683.6685902936349,375.97659771018937,1205.42021367837,580.0950465696452,585.0772821896229,1397.0345581343022,425.00679890245624,535.8675353772038,695.879230314718,677.26878712496,681.1246970105324,649.2231658995373,387.7703129541858,498.1037561240152,693.6700105498002,626.9727556964144,380.87409106923883,618.8451050755926,394.087774712557,839.3218732532329,494.7079210949867,494.3179276946348,546.2885833853024,1191.6038805917215,672.8099442371362,695.7423538901712,626.471095726812,658.68926357992,69.63371381340909,717.383563607727,398.0305081511441,671.9530171891942,531.0797247987072,576.5237603065808,1293.6416539442794,545.173293043122,675.7558888581461,493.65208396557074,411.96113370164227,578.0346189138103,416.62296742900577,645.9386433598858,291.04477737377533,943.9048348014327,1374.1291934676694,608.3342016918651,401.03806451071426,707.6563546693094,578.3084449858975,515.3096990454306,538.0926663201604,517.3814115026349,358.6435025875094,384.54698100033903,371.1814880919671,1282.050600577553,383.64109887890163,396.7382772779433,911.2748909897347,482.6373094427088,371.0785638254555,699.3076928358021,504.9504217264984,1290.5929089351198,372.1993630989309,1341.185155195521,388.30007469483553,627.9227153281469,1389.1076190999615,609.9342223819275,570.239054562859,407.5148494541682,581.875928219846,409.77372648412666,520.4597310344857,534.3513263337376,508.7067624852865,1399.2743259774377,351.31098586651086,534.583084946438,917.5736897644352,518.4148050404427,496.852997768237,877.577417490897
sim 0_0_1000_10_100 - step_10000.csv,284.1746131394461,303.78672940023654,498.66002521513445,520.7716289697331,0.0,262.62568121087213,432.44214389592645,585.0716725103533,379.60537293861455,281.9562865306279,823.5970634641424,913.2906006245338,180.5075775726096,198.5103145302884,487.9012978459434,581.2956491784464,318.564562147458,339.7220828320541,852.8693942084614,325.9815592555837,331.62508354611583,1039.3373409567537,305.69090222614324,609.80206768361,456.1254528380783,474.10736564738994,444.50547650103545,434.4267437165354,412.10495852809663,597.5539257208436,485.98635855795163,442.25669675064427,799.4449495568082,506.1884345221713,364.4263684955617,774.6561281220512,653.3682582544232,614.1959819725914,415.7067133793574,833.8843068558277,453.3980495013763,458.84853314871214,198.35850240431458,458.66523304568665,554.5075415858832,371.42374752055764,323.41625388676533,305.73689076558185,85.9811513467445,188.1814862903533,935.7182020928756,746.4312330270955,443.3311049503232,67.65998461059954,296.3015312177032,301.5641017686005,338.4158731487285,238.89976207670261,754.1794782653303,458.1459459809856,1004.2582666441589,825.7371251882739,290.5252171729549,467.21384845376593,751.9077493134139,630.799006717373,513.2285713953646,83.31897949980248,353.84244115795593,329.4798863260557,802.9514296997954,931.5654942885609,297.9744604529863,294.1346726304114,423.3710261449617,73.03651733084493,789.2233610693328,332.9346174486931,646.3523461404683,940.7412083181571,353.28145985264047,986.7820280196426,384.0122142409379,227.5673902622657,1010.350457477768,177.7997405690287,274.0363870268344,289.0609943902145,763.5897069703278,360.57719664481675,674.9356174635573,406.52447329284854,522.0650904435406,1032.567743726716,351.56816794158294,428.2091001261,431.967888612104,414.87613506871,612.0001683160887,384.1269752730111
sim 0_0_100_100_0 - step_10000.csv,293.0506631924695,345.66788403844157,512.002546042205,654.2712870140008,262.62568121087213,3.552713678800501e-15,457.36480415379225,725.7368713832045,371.96163675372713,164.14475024194712,986.2109591128818,1081.133828299873,141.7643306953657,149.31281455678516,504.57785435990587,718.7609051467327,529.6007388373774,381.46290706398105,876.9955822433506,166.0423038407075,166.30092394115368,1053.3038526978958,326.76247819946053,491.94783185681575,473.7591589202429,477.9775057834761,464.6700719840423,442.08253439925943,428.9882372501905,494.3307815387851,497.0758278080724,451.091644139189,965.28106566306,516.0392220053456,374.3805196726374,984.3204094892194,832.3705200968726,522.7293164353619,453.59048693692125,855.238840215581,466.2918011936014,471.7446380781616,99.96905048902565,472.2244128846695,689.9903835341502,576.5057749196206,368.9169702918918,525.0683848679896,321.18764181933193,116.21731037172073,947.9237629696426,923.6569616088844,456.88744196163043,319.64614938906766,313.5480277354322,159.05845022113516,354.33860797596793,361.58798299186117,907.056124648365,364.4475189802246,1002.7918804327835,1011.3211344125467,332.0930475262685,483.2135314378887,941.1643549391571,534.1840068532025,374.14178278882764,333.36511419219266,395.85031221620886,373.6697020874201,965.5552962120408,946.1766800626283,341.93680825697703,337.57311839357754,344.8157754105793,323.8987651253194,949.7258588060109,534.3270101305858,550.1040180558654,959.8125965220913,379.7181091543079,1001.6829532805114,379.3355316806767,357.20222927757084,1004.5989556505691,161.07785256071062,151.52963590274032,332.89163275956696,950.6638710005158,356.5727526875689,856.8727834429754,451.9303851240958,399.4900787704032,1032.7701105440394,400.14884998334105,474.46598132585785,339.1217201204187,467.16895094414167,514.6715095467437,294.8202967870615
sim 0_0_100_1000000_100000 - step_10000.csv,370.5576173863288,351.47233397591566,77.32561518468347,680.6399429932115,432.44214389592645,457.36480415379225,0.0,696.1532414610606,477.7644063174017,524.8952246230086,789.9530639455527,879.7390366034865,467.03881893646087,436.74993263334096,75.03245462436416,715.2980090007566,386.0939801055073,427.545279366277,1031.301145746289,525.3295341633584,535.2315484783761,1221.7176409660376,390.3178849205161,705.2007505303668,46.107627624805566,73.76294279877386,47.06721130710815,61.92544070365271,525.895525983021,690.5156359968688,81.5021989848909,86.35137578013422,781.8215485830262,194.74896473845794,481.2113021660582,745.3093654660098,574.0884743214021,698.114320795121,154.01602002127999,1054.098446959413,55.00421324026681,47.621454366042755,478.27550163158963,73.71810460746765,662.1797197607405,388.82149620753137,345.0249331456658,378.5156804475021,436.2676385687706,485.8496312986095,1120.340364588059,664.3083287187059,49.49629003226463,431.7702874698922,408.10876428078683,522.4113661315102,430.50928673514323,556.9590233056355,770.308469202485,719.5793908264653,1203.9088221236686,746.5396198172045,384.2783412305718,46.53076213647716,673.2451274679765,716.5334882649313,623.6360460414998,471.1553319439708,465.1461542488175,386.9984270783372,779.3760434583828,1125.023015138456,385.85797875454404,387.83827631404716,699.3593350440526,434.58475686806105,780.8684618555617,385.4389338792387,735.3345657552022,1121.1131456262274,468.20667082690676,1191.495682255283,533.9588701606214,549.4688481840286,1224.494616375143,456.6108465957832,514.5248675649184,344.7684012119788,685.9350516136525,485.6007527503191,596.1254817008753,159.34852646390456,628.7593944385019,1231.6031116235672,437.0050902033748,178.17387692965679,694.2370816585013,190.0023648814141,705.4083408931756,650.7787777858128
sim 0_0_10_100_1000000 - step_10000.csv,543.8979329484283,483.5703188071507,715.9437989642504,89.47973271954109,585.0716725103533,725.7368713832045,696.1532414610606,0.0,504.63191782169304,634.139048826546,305.44862508608094,429.22524619066826,689.0035936837318,698.6642460539965,716.0493556356121,43.7405306661381,691.980543101455,460.04956881170244,1228.1134997935194,654.8635774364335,658.9524404396343,1421.480724614519,505.44643345337727,621.3303502839213,709.2533880100167,695.5512826039629,699.0470943232245,665.1112436039565,475.3320288958293,583.092047940549,708.6238072002906,642.5182261316204,295.81234646607203,650.17325587613,479.87037710406963,804.1664518448329,441.9882780616139,578.5441556902931,561.8442862213462,1219.4586221887432,690.9384756799999,711.3671340680347,694.3612750105129,672.1413192055683,50.209360202077136,722.096201053709,456.49157954481603,679.694679420321,591.988469612125,647.6584914689053,1318.0289948925704,486.4256093236726,695.0097254209327,556.0075915701565,491.4790989864339,652.1830989688266,501.13070863168315,700.0969948255431,204.5969280127992,1005.2909482728961,1402.241295369455,542.0342561543689,481.5688871375543,721.2865776140791,520.1217153062167,600.2084619681756,624.8293769255339,574.8536774422449,445.45104407672835,458.76280983580034,284.84170875520977,1303.9041300023496,458.7432782492018,476.11677074386785,970.3096804583479,543.7452557461994,285.5453364793693,709.0024012376736,584.7878699929076,1311.5730723938389,452.4063834530963,1366.455947082342,475.97627386638135,682.7372471403291,1420.3718116307148,674.0562627150811,642.7528318243947,480.5096946657962,524.1849896041089,495.6190816681709,468.66483476681606,549.4252509033867,595.6680336353695,1427.4642315429473,437.047261775398,548.7050627717367,979.0995151489884,531.8202153664978,581.4264631779516,939.7166369017849
sim 0_0_10_10000_100 - step_10000.csv,128.41461159445137,140.6191256466374,465.298582002841,417.8949873192221,379.60537293861455,371.96163675372713,477.7644063174017,504.63191782169304,0.0,291.09975066982327,801.0644058020896,917.469257253817,413.37628133343475,421.0532049069022,473.13428952333743,485.23927139168546,687.5949377608757,77.35018775373226,1189.3263205619467,281.26080623344126,289.89870601293404,1373.3578596713905,101.42779484962196,244.57477403948275,491.4252136102359,444.4733198879014,463.67706548791,434.0711664592471,75.5503232737079,230.44323153868527,463.11354159137085,403.00016787962085,787.5696814452739,376.2670896877183,44.9750564083259,1040.134274637478,758.4607523991306,243.77455394199265,419.563840397052,1167.7790600614687,444.26361835682263,483.2018781603855,410.11221782846064,436.92841424312223,465.80938475589573,739.5678992030411,149.32546900547592,673.0086112933664,440.85652414993854,336.36831919510513,1268.9184109463877,839.8666946992232,457.43253663618117,416.2505962128582,96.64373602022344,291.01838359224445,56.72380030829855,578.612217366852,705.9173662581237,733.7525409946778,1333.481134260129,920.5169595341258,116.87977829265155,496.7435219528802,867.0168231330375,261.29831450438706,165.82283524307678,444.5715972047845,66.09226002178497,113.23909293528133,780.7921874447429,1266.0568456348228,132.4526224710713,121.63312031047353,714.2565560125136,417.7232226168875,770.6209857263708,702.3277665688105,276.123713191324,1275.8531854715197,71.34359227896783,1320.81285932657,76.3378863641989,562.2512798159659,1338.03739004684,416.812447295383,295.54141100665305,153.23141138876545,869.2378596946633,46.21730213609981,785.076017728695,429.79087971351174,167.54269186523726,1362.6635374281752,93.30880062922324,419.82043338618826,708.5634112433349,414.93672844236477,247.17029795125262,664.1356432841624
sim 0_0_10_100_0 - step_10000.csv,233.71539543186532,268.9017063475002,565.6922571645389,560.209787095862,281.9562865306279,164.14475024194712,524.8952246230086,634.139048826546,291.09975066982327,0.0,906.8776044947984,1009.8888935884638,239.7570778013491,277.83386651012466,559.4136342210622,624.0653267966791,596.328388926073,300.60417857618233,1007.3763830973585,57.52031050278771,62.28948347641335,1182.7505780125919,246.63566336316538,357.11194208930897,537.2464009669004,530.6068638060641,525.0575687785474,501.2820103749584,345.0134973735711,372.83905202939434,549.9971036982856,493.574892730351,886.416917987797,542.1618192593721,293.5961157979179,998.0252269826644,794.0287585412096,400.722347896283,469.3648845768567,984.9902659794288,523.6183747057397,535.6127232214194,223.22225139566916,522.5395048410852,597.0844878116117,649.2083308758727,290.1182228103464,584.9067621698897,351.23292784357983,116.87891063368663,1076.6132475059264,883.8845859938493,520.9429469894573,334.45439621453465,233.2536154492297,37.59668547868371,273.1056574018337,451.905766814994,821.5467107398695,449.2204209438107,1127.4662985222985,967.8232372286088,252.34220431514035,555.2499791870885,905.777131143443,413.06972165684857,241.93635846065067,352.46811875477306,312.4952504634022,293.7695087504286,885.5712244305,1074.4748390015238,262.3726878952535,255.092266318954,427.2482204725362,332.17774609307793,869.1333440348468,609.2923212977105,424.75114569734836,1087.3847138405413,296.5349220808538,1128.793334368143,291.5536916769216,437.5304801443353,1129.4696795187444,262.8940169266972,34.40946626955639,255.80177189766974,910.8134051295925,276.20778311798176,815.9956489380236,467.3846931446047,268.2841345986084,1157.6622204731825,318.0032823164024,482.0612101493179,424.7325897568144,468.71468873604687,392.81451582599703,378.72539836422317
sim 0_0_10_10000_1000000 - step_10000.csv,832.4820480412127,768.1218770339086,809.2268882844331,391.58584400386803,823.5970634641424,986.2109591128818,789.9530639455527,305.44862508608094,801.0644058020896,906.8776044947984,0.0,130.85800156503325,932.6646504401056,944.9614945673634,799.4180541991185,332.5830002087606,803.2907615652002,754.5728929983337,1322.6361144829082,929.0837825380121,934.5803470542131,1521.3508544443284,797.3609863817007,923.4888882232058,780.827557598917,793.6089555829363,808.5708016275845,760.1808388993495,774.6295908646894,883.6843649194878,790.3641099606754,742.06263977197,33.6146847108871,802.4101642799313,776.4796007950506,699.0660905048479,326.06729667255047,878.2236549662285,666.3124976206739,1329.9543026712508,782.1330593006345,795.6874855142678,946.8346180010375,758.667622470713,337.6301110364539,791.819209473555,740.1739360679619,782.0176984841717,814.9157112071445,909.3413585716095,1418.051247171789,305.7002726400691,798.5419664560422,785.2639159588192,779.5125313617314,927.5575916011095,795.0509802903136,900.5730340808589,113.82032674297567,1224.5469042709722,1512.2580504037235,319.5486939424364,771.0778084688385,797.6055754219065,320.3939961863548,898.9966010467143,928.1079184862132,795.1137624382359,742.4860692722409,747.1525480903048,35.888365421765066,1398.982360559716,745.5297320495819,761.8420249206367,1180.9966003903319,773.8206952494871,71.88211985331222,805.778361846178,881.9140052746101,1399.8750163531734,747.3440160110622,1465.4155350745725,775.454769049138,887.7286796295605,1540.6025778917344,911.0240642686559,913.4595820417798,765.8721760797877,332.8225249631374,792.4927099700599,346.08193315334745,652.9811103791944,899.0138956526841,1538.6109738307428,734.719020637317,642.3621870712071,1198.0769170738974,633.7483155643063,880.4574031603065,1163.5529651380514
sim 0_0_10_10000_100000 - step_10000.csv,944.2952165832801,879.719669575218,901.2504688445437,515.946192496183,913.2906006245338,1081.133828299873,879.7390366034865,429.22524619066826,917.469257253817,1009.8888935884638,130.85800156503325,0.0,1021.912408820692,1036.3244690687902,886.1664925481056,457.83420645913185,878.4759787494255,869.7999988375616,1371.2442630603668,1032.4951032775107,1040.4954610084505,1569.4800318714504,909.6151692702713,1049.0022113435668,865.8058730590631,886.1995917341835,900.2713419688816,853.6694665551273,893.2429846996578,1009.1057902172698,877.2673640919512,839.0555235646394,144.74753010202045,911.5059009996136,893.7246191406027,712.2806920665054,378.8197978006836,1004.426311842186,763.6513773411482,1377.4261863874628,873.5960075723762,885.9813339988693,1040.2234705673054,849.3839888969076,458.8600618326193,863.8632131128797,851.0288182649664,858.3242680980663,898.0809909865046,1006.5650187363652,1467.1539719319803,341.43873654347726,889.0504534163894,872.3894852839529,891.8718250728602,1031.000288292267,908.5887606024535,973.8396931473469,232.66783801568127,1303.2956183440626,1562.1410011703697,321.37361816177236,883.8446913471464,885.4281659777145,337.42349118695284,1024.9927276322298,1048.8725420663811,878.625865561345,858.6595004999672,859.9311757295111,153.2855050999678,1445.7618021065796,856.6588295321369,871.5109963042386,1255.5255356173761,862.3714523640417,150.12350446617967,880.0818490384441,1007.1865980955674,1445.0860193038563,863.0452956635799,1511.0491065571225,894.1756520625626,964.7703796425642,1593.235994263551,1002.0439085903081,1016.0753044031713,876.0514899801046,352.35231355778313,909.274915125627,392.3171977039623,749.3323337565171,1020.6719200758967,1588.320482060268,849.6922356823545,741.2147125760345,1275.5699762864165,734.2054385263318,1006.1231200816605,1244.3158223832038
sim 0_0_100_100000_0 - step_10000.csv,330.61712736316446,379.7341650850133,531.9567997860682,621.7637424427814,180.5075775726096,141.7643306953657,467.03881893646087,689.0035936837318,413.37628133343475,239.7570778013491,932.6646504401056,1021.912408820692,0.0,71.59001894900518,521.3902119876458,683.1448238929637,395.8870399721917,414.7867981974927,795.5944815489228,265.6560676610014,265.5882623522696,977.6641265106766,364.2923711737392,581.3804829997104,488.7122563776167,502.05056219974347,478.79472544035184,463.9021255490473,461.3755030122469,578.3990712193407,518.4230279349465,478.3717731404683,908.7488451348434,546.4077173819347,407.820670654224,861.9565339775927,761.7499159974932,604.7876784802801,458.92833942114845,773.262316767769,486.48275951237724,488.4074395088108,58.9225308828955,494.0023900111135,655.4174525633771,441.2192603707131,403.4468881705361,393.3403962312833,208.94832349446642,146.79158437649795,872.156972298875,854.5117266143864,472.74546757494693,214.34078595434647,348.9518422143298,244.9488747598456,394.85380393261454,227.07837288321994,861.1764409242443,344.6850267822962,935.6399339978306,930.4880411209698,367.682682188661,495.25777229370607,853.494721651316,618.488613605953,469.4995787138432,226.20310143568878,427.1802563018363,406.7276057946225,911.8510590956076,870.2407402244332,376.57068240167223,371.35072054770416,321.44418302735136,221.13826220978177,897.9791482816086,399.382002971814,633.8410461639497,880.6785698741905,406.9357235398691,924.9760561503231,404.9779084901662,218.38801558263162,939.4224921638967,44.314977199969626,229.02580728548944,368.9476464467704,867.9713013052456,394.42886396704154,781.6495653124914,460.0636719784471,487.88496608874226,964.4486359991997,431.79271713292206,485.54198521450195,321.6306902603297,477.63049645595834,597.5589873478264,278.9138580651671
sim 0_0_100_1000_0 - step_10000.csv,333.14438107831336,378.4850751380608,500.8146214853352,631.5511520821681,198.5103145302884,149.31281455678516,436.74993263334096,698.6642460539965,421.0532049069022,277.83386651012466,944.9614945673634,1036.3244690687902,71.59001894900518,0.0,492.1272355385183,693.5196866847817,392.43460740597317,414.23885690188536,771.4662718156035,300.06026357556175,300.1465087149236,955.7298930293472,365.7347151559268,619.3815130079677,457.5759542886296,471.9046874536338,448.43716029891755,435.11045684622934,468.61231181759655,614.9170010689106,488.72095168833164,458.08921232331903,921.015738102231,528.1771793649623,411.5958062079972,874.0307655125806,777.5192100619266,640.2870137355198,455.2334530500718,754.749613169317,457.0052941600125,455.77615315393854,70.69200332264592,469.1397696041316,665.3551178108347,437.7222906866079,402.60614003017616,394.0851378048799,227.29613426093246,182.8313780294185,851.5374852277984,870.4070103186181,441.5023229669379,230.9463799744151,353.03891740610237,282.1212253847672,401.17165002288823,230.33589835836176,871.7969953479901,343.6100686271231,918.0137261769919,949.2840231911454,369.55395361997444,462.8610508026773,873.635342297148,654.9189570936807,506.08218477902244,244.36736768692307,428.0805539003663,406.02772684911383,923.7924061889938,848.5013458623607,376.31401015172867,371.8141599941252,321.46708833676513,241.2768543278991,909.4862147771712,396.86499916881183,670.2521050574135,858.8025834675044,405.97797095710024,904.6507015259124,421.0542741170061,226.0916324717845,923.894920633968,72.48565844159383,268.9287128108366,368.5061152006986,887.1949487395659,403.29577769106,799.3056177165877,458.5630853648864,525.5775906639947,947.0729102643381,431.05036571377826,483.9361878800114,320.10176944042064,477.09183237383655,633.8803397108297,278.0719850854225
sim 0_0_100_100000_100000 - step_10000.csv,381.1234348061304,360.3299605263864,42.62842940925276,700.5986502215205,487.9012978459434,504.57785435990587,75.03245462436416,716.0493556356121,473.13428952333743,559.4136342210622,799.4180541991185,886.1664925481056,521.3902119876458,492.1272355385183,0.0,734.5066515742581,444.81814591649555,424.8768731268508,1077.8811275670655,558.0969493989543,569.0492349744442,1267.8990464620113,400.85141328250756,696.797912752625,56.41728841520512,46.70441800168318,64.26378148005482,68.74725417139614,519.1273853924636,683.2309748477236,35.346006607506695,80.55897771182678,793.9543145437693,184.73112034812192,478.58284453206005,781.9454751611602,566.3584338059652,691.0867640316551,158.90114349540292,1103.4296614417149,42.66210708722232,52.03732541244115,529.0612085214096,49.033088460223155,682.5880460835047,449.47399548668125,351.0357269475634,440.7254813483673,496.59064062557184,527.9351363938015,1166.8197527193672,653.5604803051913,54.98899437069382,488.7610371285978,420.96082941523133,555.3316557279511,428.4515655478032,618.2089089592425,782.7551152958591,771.8591498394129,1251.3341113139654,738.3804612921583,395.1186288663429,61.83377508873785,669.367644184459,709.9158803028071,617.0978543326,527.8695711407286,466.67331983196027,388.11846400547796,791.6510050918416,1172.7232692505022,397.42064691583073,396.0125833983924,751.5945054395681,488.88844588313225,788.3871013508884,447.6705560714413,725.1984026108425,1166.8919111022017,469.91730446349135,1239.6552964010937,531.7165553726675,609.7682840767321,1273.1522479129471,509.59066857723496,549.927711081878,355.83989453547,680.6130218630065,483.1813174971377,588.6968155215638,169.17845218616117,624.4410235703133,1278.7981513271377,439.67638485215133,174.0363462580547,746.5354375722231,188.01774703632518,699.5593668004501,703.3038362816159
sim 0_0_10_100_10000 - step_10000.csv,530.7082721896078,477.86840041277156,732.9573058580943,70.24856400593332,581.2956491784464,718.7609051467327,715.2980090007566,43.7405306661381,485.23927139168546,624.0653267966791,332.5830002087606,457.83420645913185,683.1448238929637,693.5196866847817,734.5066515742581,0.0,717.063460312718,442.1906098117905,1247.1055153993466,644.1986417516149,648.8919099204934,1439.8721011998116,491.758697207311,593.2477700427177,729.2619925862774,712.2802770291452,717.1240822294114,683.1684092042806,452.77860842035665,553.5439452483727,726.8491330182641,660.162883271029,325.55031073559024,657.0205939277669,462.1695998258479,842.79362773088,481.81107610163247,548.4262630157804,579.9977408800637,1233.0744466262047,708.2834451940183,730.1168255679147,688.5142878836891,690.9576912324522,58.61786782041219,748.6724686398536,455.5372075353978,705.3930327408162,591.0740976879223,639.6816291170553,1336.4858175120655,526.0450052133655,712.7425624188588,554.0214301309784,479.4289709656022,642.0900913527273,483.7772055216868,701.7647294585329,231.0611244248124,1001.8255529446981,1418.6880652499892,582.2145046658762,467.7272559032901,740.589009096484,560.1666327075964,569.5188337022265,600.9717161568077,575.4037930481973,425.9253247415776,447.36757617955703,313.0803677327519,1322.4921318033366,446.160045822217,460.3025050904451,968.3505348684271,539.9922138276053,317.64143519712843,733.8258868313131,552.3246025446409,1330.727339501083,437.73807065218307,1382.6263860313786,454.33019155655853,683.0877865995047,1434.820379063372,672.4148751945975,633.5414607228082,469.266171305037,564.0684735156004,478.23112059668415,508.8775594710101,567.5001812560541,571.7779355306279,1443.7018128131647,418.56846626147404,566.9705365039025,975.6320558500632,550.5630357875569,550.8155335739751,936.2100559327353
sim 0_0_1000_10_1000 - step_10000.csv,575.8555007397554,547.7259963429691,451.6891142495838,683.6685902936349,318.564562147458,529.6007388373774,386.0939801055073,691.980543101455,687.5949377608757,596.328388926073,803.2907615652002,878.4759787494255,395.8870399721917,392.43460740597317,444.81814591649555,717.063460312718,0.0,618.9025582150864,694.6774781496381,636.5328452217582,639.2377613780267,885.5359418441165,597.8315373708853,926.6513766287485,417.61898943481737,437.69844283334527,404.5118983968237,409.3413160373014,712.6607757431728,914.8126202655841,442.6772131049867,437.1718037888011,779.3904501425343,512.3452267874915,663.8686511165808,584.5918436885069,625.5739164285728,930.6263349595876,435.24461711665606,702.1200593229914,421.63457135593575,413.75746185357366,438.71297475137703,441.84861336675806,668.2772727909917,59.88352227230176,545.5463993868973,49.63170488179015,252.54969926949784,489.28755275023434,782.0137229533296,714.2724022904124,403.7368698701669,278.37320258615637,591.5440817736205,613.4004276634719,645.5445600688693,241.96990366593118,764.032175146646,469.83230247256785,864.6770314937007,774.3835496822389,574.0547419677935,416.1077093580613,686.8346894248093,947.0263059043565,829.3793562929394,249.29343495684827,644.3756714355075,579.5243496867884,784.1992261471403,780.8829291898248,556.2273315161485,571.3079974718622,411.5943109623992,287.01553829323547,779.9229650238306,47.836267111271425,962.3463142905551,784.3575901480062,629.1525422431553,845.6501938035796,690.4906167005646,246.33933925615912,881.8623098722079,379.29641272153765,588.0501615386293,535.4025698001865,712.647496433841,670.505148656676,636.1219273005482,437.6093523405344,838.8798574854916,892.2156486036324,616.0441933613936,463.65280248714487,440.418505816066,454.865507810951,928.8665481142264,415.96843425347004
sim 0_0_100_100000_10 - step_10000.csv,108.9929988202719,87.51733970698218,420.4926344341957,375.97659771018937,339.7220828320541,381.46290706398105,427.545279366277,460.04956881170244,77.35018775373226,300.60417857618233,754.5728929983337,869.7999988375616,414.7867981974927,414.23885690188536,424.8768731268508,442.1906098117905,618.9025582150864,0.0,1166.845300971592,290.98789526104804,303.09819997999415,1353.7878769235583,75.24574301579,317.83610878793144,440.5818952254505,397.1484165620156,414.32237329642305,383.54973674592185,102.814772539773,301.6582355335707,415.59442774762715,352.4016835264684,740.2765093734918,339.30962523027927,61.173976277847615,971.537801085307,695.2869526548102,313.2823031761914,345.3456397467924,1152.165983234765,395.5165869230276,433.7539986524054,412.88149625591205,387.7184822477742,420.6583361019589,670.6594201772913,86.99763283887884,602.9339021957104,377.55317740428745,345.09436725853635,1250.5356395916513,779.2338850287623,406.0111059498783,347.82856607317314,74.62511880101637,302.79134159048596,62.30129477563717,545.5861173947856,660.2960118653187,742.9980408847524,1320.3190939681754,863.3181064999538,62.327353599692856,447.160149164437,805.9321747180361,330.552865968361,234.27862898877083,386.5202564952525,44.69912687237241,44.631056752627835,734.4632158113748,1246.9787378244878,68.78187429448813,60.397268233371236,723.4073862512181,353.66749714091185,722.6481421627439,635.4943179492957,344.7245618120576,1256.606976949976,59.260597101469955,1303.5660110800366,110.6195206647679,528.7082339449406,1327.411018118764,413.730535186738,306.831750570592,99.34544545405713,809.376944119808,68.43050697209196,721.6825821361662,354.933923331348,239.92155174062637,1348.9635708365986,42.18913698831791,345.0121589630592,717.659925466271,341.8487665948598,317.3045179323791,673.7372059501246
sim 0_0_100_0_100000 - step_10000.csv,1087.697851602311,1108.7787121533493,1086.7365034537681,1205.42021367837,852.8693942084614,876.9955822433506,1031.301145746289,1228.1134997935194,1189.3263205619467,1007.3763830973585,1322.6361144829082,1371.2442630603668,795.5944815489228,771.4662718156035,1077.8811275670655,1247.1055153993466,694.6774781496381,1166.845300971592,0.0,1034.3096507604278,1034.7377206388896,208.04526609459938,1120.118323549298,1361.9950370815861,1061.8793696356302,1078.0478285682825,1047.7833490940293,1063.820218124086,1236.1437888918754,1367.612427752503,1087.7676088415726,1097.9664528997914,1309.3634808929417,1159.801995511865,1170.7602929550599,841.0760883671068,1143.7939895026773,1395.2845680805187,1095.4417168656612,158.95411496985406,1071.9738688165803,1052.759918193021,801.2261439867559,1100.0464845696933,1222.2317449752268,671.0453593591405,1130.5665636333886,720.3597679417769,809.6890043625234,911.1215516639415,107.02104423713114,1204.9542800750178,1042.968349226337,841.5053763155305,1110.5905891541715,1018.6253588673694,1168.2633377762222,633.9913267376028,1319.9107697124814,617.2546598782291,213.35970566902446,1240.9166671425658,1123.5006293126519,1043.9442181617776,1148.3597286377703,1407.45539801446,1243.2832194236844,791.9451251983844,1184.2256921992655,1143.0651312714185,1308.9340636740117,128.77881446022482,1117.129616610502,1120.592524865724,610.7539333160291,864.1038460095575,1319.773075290539,676.1184956346958,1423.180676809635,105.65101905914992,1146.334156654793,179.88644655904244,1190.2595510176197,652.5086488988953,262.91616673944117,778.5514965838531,1005.4684875576497,1109.4040225267606,1205.0277466006337,1171.147853878849,1138.5246042383646,1094.7502624044644,1269.2005528198551,231.47356889852958,1183.203449207048,1126.8235233774683,628.7490152226447,1115.770120469163,1387.6505041965215,658.3267043349998
