,topology_carcinoma_10_clean.csv,topology_dysplasia_18_clean.csv,topology_ad_carcinoma_2_clean.csv,topology_carcinoma_2_clean.csv,topology_ad_carcinoma_10_clean.csv,topology_ad_carcinoma_9_clean.csv,topology_dysplasia_5_clean.csv,topology_dysplasia_14_clean.csv,topology_ad_carcinoma_1_clean.csv,topology_dysplasia_13_clean.csv,topology_dysplasia_17_clean.csv,topology_dysplasia_10_clean.csv,topology_carcinoma_20_clean.csv,topology_dysplasia_11_clean.csv,topology_ad_carcinoma_8_clean.csv,topology_ad_carcinoma_4_clean.csv,topology_ad_carcinoma_12_clean.csv,topology_carcinoma_4_clean.csv,topology_ad_carcinoma_15_clean.csv,topology_ad_carcinoma_5_clean.csv,topology_ad_dysplasia_8_clean.csv,topology_carcinoma_17_clean.csv,topology_dysplasia_19_clean.csv,topology_carcinoma_7_clean.csv,topology_carcinoma_19_clean.csv,topology_ad_carcinoma_11_clean.csv,topology_dysplasia_2_clean.csv,topology_carcinoma_18_clean.csv,topology_carcinoma_11_clean.csv,topology_carcinoma_16_clean.csv,topology_dysplasia_12_clean.csv,topology_ad_dysplasia_1_clean.csv,topology_dysplasia_1_clean.csv,topology_ad_dysplasia_3_clean.csv,topology_ad_carcinoma_6_clean.csv,topology_dysplasia_16_clean.csv,topology_dysplasia_15_clean.csv,topology_dysplasia_4_clean.csv,topology_ad_dysplasia_2_clean.csv,topology_ad_carcinoma_7_clean.csv,topology_ad_carcinoma_13_clean.csv,topology_ad_dysplasia_6_clean.csv,topology_ad_dysplasia_9_clean.csv,topology_carcinoma_3_clean.csv,topology_carcinoma_6_clean.csv,topology_ad_dysplasia_4_clean.csv,topology_dysplasia_6_clean.csv,topology_ad_dysplasia_10_clean.csv,topology_ad_dysplasia_5_clean.csv,topology_carcinoma_14_clean.csv,topology_carcinoma_12_clean.csv,topology_carcinoma_15_clean.csv,topology_carcinoma_1_clean.csv
topology_carcinoma_10_clean.csv,0.0,37543.361836540054,34751.037892875036,16791.54521637739,33810.45384162206,33295.907096608724,13898.480716712967,35031.225629986664,33549.59739696577,23380.279342072852,26371.210111600005,14856.549143418335,13435.398337125214,21208.676622637682,35409.69475263205,37921.634400738054,36144.19318271229,10048.315781545265,35093.14324077415,37711.92332809315,49795.87249342963,21371.173215179297,29467.385138101352,17486.712853389014,4902.296294932015,30047.023264539035,18107.607785067135,13853.868002646763,10785.181499466496,6166.032281614834,24200.606354691674,24350.239103106822,7505.538320372254,38477.41592647239,43201.97763715439,42951.57370529884,33976.18715753209,13330.889171152578,35583.11312117931,37925.705465305255,41541.08893106026,40534.45219073904,47971.3397635011,21455.223715934662,10613.472470570841,40942.19547180401,10323.005004842324,27444.925252242618,42453.45952709287,28472.573775487515,13886.316388071436,12267.198309530173,9157.170213631702
topology_dysplasia_18_clean.csv,37543.361836540054,0.0,12983.395901820219,50514.16332396256,27406.752437621868,16633.132882330658,23776.451812224263,2676.627579177308,16135.099680394133,14340.331845016273,11643.186834806946,22994.007829703194,38684.95339619004,16367.488045402595,30280.10297105998,15329.089385436679,8529.432295915978,47463.58407928585,4826.579657520761,18645.454881931415,12266.868303669491,16274.564397144577,8148.972335205206,20096.16414901519,33268.930322096036,9635.683867043892,45510.8951704372,23758.128403360766,27799.146814835334,43444.29792736538,13597.831480523677,16455.17741791099,30395.29645268854,4672.519629482006,10510.107482723603,5439.819087214384,3943.8818468853356,48903.02575310884,7477.648330453275,21679.659294565696,11673.343597296787,4708.826743567883,10594.911820153042,16137.99382730553,38223.77637226237,6658.289678327574,30665.35010229269,14544.291261901722,9692.39760574749,10433.306427890966,28830.19424999453,43761.264569867846,38814.79296792566
topology_ad_carcinoma_2_clean.csv,34751.037892875036,12983.395901820219,0.0,44987.36266230204,16330.965388154416,5018.015242266277,21201.033791538106,11602.673564575633,3738.537844771814,12640.702311094568,11301.631925726737,20027.11019656938,32626.073758804167,16065.196021693326,18908.83575365937,3448.4611057704715,4810.224244216892,42252.181199011524,8689.963990922091,5768.114420643091,20643.191376643015,14470.254229663637,14852.184382007214,19074.281775010306,32167.91830378166,7065.823356106743,37426.30110929296,25325.87502032379,23979.209080106044,40014.819623725314,14349.782339413923,10611.86649223547,27605.38375576531,9667.158055760176,11743.071998394535,13909.148857752192,10859.153716844688,45124.52524738583,5857.314182893103,8783.427574137026,8594.57072478343,12124.397498865113,18851.95979779075,16372.510974495197,33802.06796077782,11346.156487703294,26379.33200243332,7641.286804112187,11683.860630953268,7828.715409410805,22388.75701799122,37618.56061951296,33801.307066192014
topology_carcinoma_2_clean.csv,16791.54521637739,50514.16332396256,44987.36266230204,0.0,38580.642023830536,42148.52571879839,26995.10383771081,47990.51283473855,42707.24789714552,36218.7659556013,39327.245287469246,27839.297362799753,12666.436511246491,34172.34775143357,38853.21295449992,47519.83923444725,47773.038667380766,8339.03740097858,48146.14855247391,46119.70213250103,62760.977539112944,34266.607376845146,42752.65853435501,30534.329915327922,21555.008067528353,42295.819487554814,11709.311518466644,29196.40022136709,23266.738267282308,11509.712696788058,37381.80316705022,35244.74957190214,20520.620400928845,51301.10178758343,55168.70666503001,55916.84297891612,46963.07574893524,5263.537351751238,47817.81244517026,45408.615828595,52845.96802798856,53486.73798874961,60986.92829829631,34439.32826175271,12373.369723095639,53568.204601235106,19883.432009654407,38059.31574908388,54526.71376435611,40421.361025595026,22759.200931824333,7545.954721689186,11781.443643750681
topology_ad_carcinoma_10_clean.csv,33810.45384162206,27406.752437621868,16330.965388154416,38580.642023830536,0.0,11478.98945283845,23512.600461030775,25162.66650587465,12930.531505366103,19942.060288743327,20013.00027099883,22134.344008347158,26202.09787713496,22560.467108138688,3259.9061573600375,16624.629557502325,20923.350741191138,38026.06911109942,23762.240465363135,12614.650802125609,36716.355184047796,20344.066583340144,26338.935010880865,23635.00900503499,33303.56080226854,19582.46165530808,27775.59938443711,30010.550630105794,24567.424396478902,37334.854608501344,23492.225765101768,15263.907545810202,27209.60068907612,25824.08211008671,27796.36532594169,29949.758881725644,24002.714795340125,40466.00652926245,21665.80014023469,10617.834182539365,24573.233303078203,28292.879473057274,34948.50663211691,22858.775222027532,28806.398617071718,27459.307627916798,23520.839148849936,14608.09715200244,27754.50520537287,18564.280343161758,20070.177404701397,31592.35089676775,29187.151679013143
topology_ad_carcinoma_9_clean.csv,33295.907096608724,16633.132882330658,5018.015242266277,42148.52571879839,11478.98945283845,0.0,20199.871880543204,14733.049079496579,1913.6370429694207,12931.767719590758,12286.926328138392,18878.616179672943,29627.92934683863,16171.629833849498,14092.121389384607,5642.451209786708,9482.312778787742,39859.95857477735,12624.919118446394,4513.211604348698,25593.00291696339,14236.466941179793,17084.20825205094,18627.166297233456,31245.8095033407,9306.046264612773,33539.36262320172,25224.360570473378,22649.158690673827,38153.31252888119,15439.237734879214,9507.898452244546,26126.688033131126,14395.292367933363,16672.995805441034,18798.390775342905,13760.623561688843,42800.84408529117,10523.818055308655,6310.432515023561,13451.130691515287,16850.467100230355,23792.519611022366,16530.099628367985,31249.85261384701,16284.432715925162,24148.07959064815,6975.522049934224,16629.421764467927,9140.899367068934,20108.852679901695,34760.279495878734,31315.743441647708
topology_dysplasia_5_clean.csv,13898.480716712967,23776.451812224263,21201.033791538106,26995.10383771081,23512.600461030775,20199.871880543204,0.0,21262.139151664258,20376.46928180195,9534.565207219126,12612.193689991254,1651.983222195748,16490.649684267286,7453.322203055614,26088.848809323023,24463.009764443672,22374.832337839773,23716.800126402963,21384.332805086287,24692.520802883086,36027.75056718334,7577.922729721412,15836.792661205778,3783.3884370598594,11134.479128925233,16556.191262097156,22061.953049303313,7069.152365652131,4110.3723855416265,19777.42982968187,10514.626517442153,11164.066388731975,6881.191575384717,24652.23690571793,29372.384229781714,29181.22465945028,20213.681251629034,25378.19226354494,21749.657931044097,25419.393348060003,27782.743863867712,26770.527912532183,34236.90064769883,7712.503444504444,15623.909542504103,27087.761634652914,8947.471815721914,14084.207068385367,28615.275076647747,14712.963645696922,6166.7021572189815,20125.570446275,15407.018989890186
topology_dysplasia_14_clean.csv,35031.225629986664,2676.627579177308,11602.673564575633,47990.51283473855,25162.66650587465,14733.049079496579,21262.139151664258,0.0,14442.826607397254,11826.130415431611,9054.698750699152,20481.588017095797,36151.491588059165,13856.143139888813,28096.247939456433,14205.170252987937,7598.967378995976,44949.599053800186,3647.495610552843,17262.493510208176,14779.707747123635,13749.201162381984,5902.5035030450235,17582.49863918381,30757.282354743387,7411.238115484227,42995.472541874544,21279.492261386597,25281.555815901185,40927.18217441768,11090.797218837268,13947.331260932518,27882.377215846718,5191.45010496571,11279.58075852362,7950.818075498252,1404.9033330361929,46391.797654407295,6269.362918351818,20256.14313562941,11664.969557868164,6369.328708614572,13033.139532111185,13641.76360009283,35708.55457603179,7663.116031060268,28143.41163891964,12086.363884456618,10386.59606761431,7946.689859654883,26310.708673634894,41240.375631478855,36300.10010917286
topology_ad_carcinoma_1_clean.csv,33549.59739696577,16135.099680394133,3738.537844771814,42707.24789714552,12930.531505366103,1913.6370429694207,20376.46928180195,14442.826607397254,0.0,13059.8881919382,12418.513945759254,19065.02990493269,30220.89171967284,16308.356621648343,15521.103969368261,4961.4554648752,8267.610533814232,40306.3982070866,11877.079970103809,4359.008816128324,24219.88743495613,14373.662687947373,17015.51874742276,18762.531594284916,31421.017957737786,9177.598113591413,34258.62431201638,25355.05379600149,22863.966563128528,38492.81301849291,15521.510616169513,9656.196282754121,26379.163226697878,13121.481229965808,15335.882141695198,17538.153629881406,13519.153705313503,43251.66399401159,9456.887106522816,6273.491365931558,12170.151581030155,15564.228167708707,22425.27996980343,16669.180406549156,31752.6618948122,14916.75045802853,24578.505482670727,7109.953560343814,15260.31232171227,9146.151630103572,20509.409037952657,35305.54221389077,31791.25278193856
topology_dysplasia_13_clean.csv,23380.279342072852,14340.331845016273,12640.702311094568,36218.7659556013,19942.060288743327,12931.767719590758,9534.565207219126,11826.130415431611,13059.8881919382,0.0,3436.6391268113007,8774.077289439034,24592.206434416275,3487.1933648698573,23050.27733440773,16063.800504511803,12996.652961937003,33156.04237081327,11974.612067222753,17251.865689667844,26586.52484647067,2747.5623905593484,7953.53599312652,6665.041284083678,19997.454493575067,7385.502421205749,31208.943787620723,12696.024281565196,13502.724805707903,29251.288679720263,4127.323431167688,5361.6583818841955,16348.275779116373,15185.426478648918,19897.341325160236,19740.86280406375,10776.757923092275,34859.87317542238,12272.869580449818,19085.632496165203,18438.991417590812,17319.79851355959,24793.96419812578,3840.2415504934966,24066.139664746734,17603.340959285226,16582.651676280464,6668.618941803095,19128.196946366887,5386.260823314741,14532.445880069405,29452.00239330283,24526.593120008823
topology_dysplasia_17_clean.csv,26371.210111600005,11643.186834806946,11301.631925726737,39327.245287469246,20013.00027099883,12286.926328138392,12612.193689991254,9054.698750699152,12418.513945759254,3436.6391268113007,0.0,11826.745220472116,27491.303379447865,5493.445438265247,23138.657585886955,14630.947374527193,11115.910189239657,36283.28146964788,9714.681834788571,16292.999137155723,23447.833001739986,5114.9928895435405,7189.219083424724,8973.168514747576,22336.25315827353,6552.053054154279,34327.63183471144,14357.316767822307,16623.54717318946,32263.968077684003,4733.131323299588,6928.366957447993,19221.54437835457,12603.14625511656,17690.759461424444,16608.75434938023,7865.427624465109,37726.12046630186,10143.21692043296,18466.86852681682,16483.340931246523,14686.786883468123,21694.965724480524,5544.896556026921,27040.778829940515,15057.022546771768,19479.21130216487,7263.671859295037,16879.688524003443,4675.410424949092,17650.75768386178,32576.8458752946,27631.842387467455
topology_dysplasia_10_clean.csv,14856.549143418335,22994.007829703194,20027.11019656938,27839.297362799753,22134.344008347158,18878.616179672943,1651.983222195748,20481.588017095797,19065.02990493269,8774.077289439034,11826.745220472116,0.0,16653.38959395579,6688.051191425973,24719.85085336683,23238.844787002276,21392.94665535573,24501.39557041979,20548.520506188863,23367.90986896709,35237.69139624821,6824.065072547225,15007.073821453363,3645.312789877969,12569.556276582194,15466.362581852405,22613.95420131895,8374.38856014596,5076.025409601569,20617.51555460353,10169.410838728712,9794.225466817748,7788.238980170941,23891.282241973982,28490.44077355118,28400.082978633483,19429.28400361761,26153.36402539451,20877.581155315653,24048.17650137792,26772.73019858996,25972.59534592087,33401.36597403291,6921.641581217289,15864.27452934619,26339.37210633307,8838.735862180318,12775.850305493741,27748.697246311316,13730.16399788032,6135.976544918261,20976.506047964616,16126.913041127254
topology_carcinoma_20_clean.csv,13435.398337125214,38684.95339619004,32626.073758804167,12666.436511246491,26202.09787713496,29627.92934683863,16490.649684267286,36151.491588059165,30220.89171967284,24592.206434416275,27491.303379447865,16653.38959395579,0.0,22589.726812907913,26765.30687954038,35027.56469965325,35663.7813988801,12243.291396426695,36413.878483573055,33529.67456629976,50919.427646276315,22451.310724496107,31555.31697573395,19715.7928725178,17210.66320149533,30502.356834348553,7036.922733551008,21895.73537971823,14013.880839209103,12649.467004268135,26595.17851096534,23277.76806151126,12061.583358526417,39483.95146773757,43082.31569263092,44082.450567600165,35155.830073907615,14329.257546573865,35903.69692673689,32785.38794972568,40597.965484802226,41720.87801668179,49160.91796604431,22746.248600158066,3886.3497371808344,41708.743643088375,8091.459814764835,25917.378632710024,42489.40359502647,28600.665073936565,11295.660052104662,5750.932941263867,4516.224312096323
topology_dysplasia_11_clean.csv,21208.676622637682,16367.488045402595,16065.196021693326,34172.34775143357,22560.467108138688,16171.629833849498,7453.322203055614,13856.143139888813,16308.356621648343,3487.1933648698573,5493.445438265247,6688.051191425973,22589.726812907913,0.0,25584.068709543837,19466.96103533353,16280.042881341285,31120.588637897705,14506.580756071937,20528.533787872806,28613.673224732986,2255.72991916566,9023.785048499974,3813.131425424181,16989.821928819056,10736.663176507254,29173.54469646472,9283.84782875091,11469.27844155645,27104.021808713576,4795.706449474077,8093.657582712234,14077.07403486654,17627.199981255595,22910.6401667461,21767.809682819898,12817.480117421637,32588.415718324784,15372.098621063617,22232.671103269095,21737.195683235088,19519.13863301157,26829.883354220914,853.3451348231558,21927.1082731278,20176.50886107927,14602.331419411183,9798.52074637798,22098.552962717145,8765.8760203549,12501.981387161157,27418.178604712255,22476.118635288905
topology_ad_carcinoma_8_clean.csv,35409.69475263205,30280.10297105998,18908.83575365937,38853.21295449992,3259.9061573600375,14092.121389384607,26088.848809323023,28096.247939456433,15521.103969368261,23050.27733440773,23138.657585886955,24719.85085336683,26765.30687954038,25584.068709543837,0.0,19197.786085367276,23530.31863816647,38876.21132560909,26515.452410805625,15187.411188937422,39269.90353534106,23341.492998108602,29481.2065780166,26472.084729937134,35405.30749260881,22551.159887258407,27691.097096447804,32753.43828731647,26853.08386291234,38480.806918235045,26650.956579056874,18380.574449498006,29211.610057931484,28442.274920039323,30363.30484982242,32545.065457472323,26997.2819251842,41080.28338558872,24210.20505898717,13143.693085314644,27111.125820341767,30925.965457977818,37551.08106175972,25867.485563520437,29693.614451603782,30060.829743640465,25195.681827225508,17737.691457575267,30304.25424185093,21604.512548052127,22037.283240305125,32090.31414229751,30105.521533088573
topology_ad_carcinoma_4_clean.csv,37921.634400738054,15329.089385436679,3448.4611057704715,47519.83923444725,16624.629557502325,5642.451209786708,24463.009764443672,14205.170252987937,4961.4554648752,16063.800504511803,14630.947374527193,23238.844787002276,35027.56469965325,19466.96103533353,19197.786085367276,0.0,6887.051788026634,45021.516990214994,11227.429088969082,4292.564628113641,20136.068569164036,17814.09335479874,17970.537280387307,22449.346241450996,35476.114207586885,10373.640126499171,39133.46960187664,28736.639187611603,27167.740803078297,43061.608399861165,17762.485610937405,13725.320037648726,30750.237463976195,11280.83645314517,11211.58393205449,15072.790361891051,13680.96319160503,47961.24235774594,7961.919318003959,6669.499180109446,7984.964262669749,13590.308702956525,18414.58228738993,19760.26810706655,36510.1320916337,11507.664760979153,29216.12015582544,10797.59607761865,11160.87536498705,11242.702251766368,25174.59092439377,40129.80484356551,36520.94487288974
topology_ad_carcinoma_12_clean.csv,36144.19318271229,8529.432295915978,4810.224244216892,47773.038667380766,20923.350741191138,9482.312778787742,22374.832337839773,7598.967378995976,8267.610533814232,12996.652961937003,11115.910189239657,21392.94665535573,35663.7813988801,16280.042881341285,23530.31863816647,6887.051788026634,0.0,44756.24209217261,4562.167460745452,10353.021702611699,16327.147750489117,15225.170653629297,12147.857346343484,19602.658272497596,32887.11321912037,6234.503575338493,41502.86704087127,25159.250755519082,25508.6001457494,41799.75705482096,13470.056660785443,13097.825406825259,29091.718582609887,4959.664211146265,7521.714506946492,9534.942453793557,7248.277159443483,47297.419315900224,2313.2775992931183,13336.319559141635,5475.239232511313,7421.555397897716,14535.412469725095,16556.93660424579,36233.41897554446,7026.9126605085385,28571.20895287724,10510.938765918117,7377.750231310606,7698.599967677848,25258.800719454557,40593.674609202375,36273.81046061244
topology_carcinoma_4_clean.csv,10048.315781545265,47463.58407928585,42252.181199011524,8339.03740097858,38026.06911109942,39859.95857477735,23716.800126402963,44949.599053800186,40306.3982070866,33156.04237081327,36283.28146964788,24501.39557041979,12243.291396426695,31120.588637897705,38876.21132560909,45021.516990214994,44756.24209217261,0.0,44868.48437378708,44068.294475821094,59710.133691668845,31229.813007840847,39355.34559487987,27392.643690053257,14346.420622629972,38782.66276375966,14115.947116883237,23762.897840493766,19765.22574117904,4435.092130913699,33929.46221851437,31960.325317240167,17108.227397905597,48232.10904132308,52144.211695585225,52872.18759826867,43893.998946042506,5761.751992714553,44790.37126331802,43728.71322799702,49908.92295298067,50335.88708061503,57871.28954780372,31354.76323154303,11130.083587892457,50506.594800782186,17013.954762833604,34938.1333419529,51491.08983304283,37316.65929580628,19895.01155313975,7359.619048725571,9264.412833591168
topology_ad_carcinoma_15_clean.csv,35093.14324077415,4826.579657520761,8689.963990922091,48146.14855247391,23762.240465363135,12624.919118446394,21384.332805086287,3647.495610552843,11877.079970103809,11974.612067222753,9714.681834788571,20548.520506188863,36413.878483573055,14506.580756071937,26515.452410805625,11227.429088969082,4562.167460745452,44868.48437378708,0.0,14432.549722096348,14947.872197826575,14078.1122549023,8253.13163897391,18012.455011222315,31155.731130779513,6805.162680552494,43041.50294192008,22563.654727132103,25352.68512659071,41042.83765479827,11344.87408699041,13783.902373642703,28067.860418527736,3561.396270911426,9043.606355106716,8122.97730748666,3313.3777311473473,46613.43404698738,3315.9809711035805,17465.022128830493,8988.83074879928,5617.884061685979,13108.428353963067,14598.133612366837,35968.101964999165,6038.143058319055,28399.285954622344,11643.028428450885,8181.3635400271905,7972.880234199342,26401.863142785114,41361.15252881171,36445.29248865541
topology_ad_carcinoma_5_clean.csv,37711.92332809315,18645.454881931415,5768.114420643091,46119.70213250103,12614.650802125609,4513.211604348698,24692.520802883086,17262.493510208176,4359.008816128324,17251.865689667844,16292.999137155723,23367.90986896709,33529.67456629976,20528.533787872806,15187.411188937422,4292.564628113641,10353.021702611699,44068.294475821094,14432.549722096348,0.0,24221.30253181333,18617.782754741373,20506.09154493351,23105.29317225843,35741.14093139489,12642.620336182008,36912.72616707436,29674.47574803654,27100.29841506735,42480.70525169641,19506.834298114307,14005.610259936377,30550.87124552968,15010.362493389832,15328.681283304679,18883.35490232386,16585.72175785363,46986.0161545511,11187.06257673603,3383.108051483268,12068.646434444528,17445.751028353116,22645.80940007481,20876.306494158838,35354.461468243906,15571.666786433685,28364.075855363935,11388.16238322009,15245.885717618025,13033.143203814534,24388.57686382801,38768.22568499135,35465.467880669574
topology_ad_dysplasia_8_clean.csv,49795.87249342963,12266.868303669491,20643.191376643015,62760.977539112944,36716.355184047796,25593.00291696339,36027.75056718334,14779.707747123635,24219.88743495613,26586.52484647067,23447.833001739986,35237.69139624821,50919.427646276315,28613.673224732986,39269.90353534106,20136.068569164036,16327.147750489117,59710.133691668845,14947.872197826575,24221.30253181333,0.0,28509.191464833842,20381.394133499776,32346.510689754967,45520.44008923641,21646.318591437896,57756.26488067356,36007.82459798067,40050.558624443125,55696.72159740375,25842.74525356459,28652.919199847118,42639.81874533795,11504.068828531228,9030.154189530182,6860.592050305843,15831.935236750309,61157.48075034928,15118.42485523164,26235.78115243574,12350.299251502767,9408.099043957218,1872.999445904632,28371.364790692005,50474.06013385445,9325.766168920096,42907.39692072482,26532.071295431153,9188.94473775618,22651.289435500283,41072.26293407166,56010.77153943827,51062.428621570936
topology_carcinoma_17_clean.csv,21371.173215179297,16274.564397144577,14470.254229663637,34266.607376845146,20344.066583340144,14236.466941179793,7577.922729721412,13749.201162381984,14373.662687947373,2747.5623905593484,5114.9928895435405,6824.065072547225,22451.310724496107,2255.72991916566,23341.492998108602,17814.09335479874,15225.170653629297,31229.813007840847,14078.1122549023,18617.782754741373,28509.191464833842,0.0,10040.63082749967,4650.646350341686,17857.836834898986,9956.604489389436,29275.950918386625,11078.85738339389,11586.360792106429,27258.542485559785,5756.51983399392,6284.12752528935,14289.570858275343,17183.09159431587,22097.089422909423,21669.43568787218,12735.67638632554,32840.58252642584,14473.441567763586,20177.547178584897,20639.540482189444,19335.243282670202,26741.21975523334,2549.9516681151063,22056.198451047003,19670.02437077704,14441.90478808468,7970.367056327729,21319.83690036508,7814.160692345212,12608.308620010446,27517.151672494325,22583.27195481929
topology_dysplasia_19_clean.csv,29467.385138101352,8148.972335205206,14852.184382007214,42752.65853435501,26338.935010880865,17084.20825205094,15836.792661205778,5902.5035030450235,17015.51874742276,7953.53599312652,7189.219083424724,15007.073821453363,31555.31697573395,9023.785048499974,29481.2065780166,17970.537280387307,12147.857346343484,39355.34559487987,8253.13163897391,20506.09154493351,20381.394133499776,10040.63082749967,0.0,12247.365665526244,25212.70715739088,8194.44619430077,37528.694152341115,15697.21377719713,19803.161873130775,35404.180319287414,5610.020091072709,11971.686649147943,22366.83145670799,10979.319555977587,17065.386454262312,13548.203082694858,5395.799778122903,40839.971510526724,10705.87374078376,23231.30297554566,17051.24479838956,11994.746221880338,18564.439883383562,9051.027210658964,30762.75227140046,13533.049295253393,23588.321818167708,12050.242329330771,16182.734381521559,8093.569150274965,21055.201303432885,35884.46553575244,31063.16985243477
topology_carcinoma_7_clean.csv,17486.712853389014,20096.16414901519,19074.281775010306,30534.329915327922,23635.00900503499,18627.166297233456,3783.3884370598594,17582.49863918381,18762.531594284916,6665.041284083678,8973.168514747576,3645.312789877969,19715.7928725178,3813.131425424181,26472.084729937134,22449.346241450996,19602.658272497596,27392.643690053257,18012.455011222315,23105.29317225843,32346.510689754967,4650.646350341686,12247.365665526244,0.0,13488.883530857065,13885.98782054911,25517.96127145882,6655.543147879778,7749.268805438963,23376.581776512397,7397.1414621909125,9589.329779358603,10358.961514373774,21235.09378695614,26356.4556700719,25499.2536746463,16534.006339983876,28877.324497708858,18773.61636876288,24340.42945152066,25066.17890334119,23172.437647754246,30544.821239488738,4101.815781134845,18807.104387570245,23764.131945778056,12032.650989261894,12208.75858927687,25560.150822253116,11987.933914019088,9056.239341291996,23707.328204591042,18847.082083643927
topology_carcinoma_19_clean.csv,4902.296294932015,33268.930322096036,32167.91830378166,21555.008067528353,33303.56080226854,31245.8095033407,11134.479128925233,30757.282354743387,31421.017957737786,19997.454493575067,22336.25315827353,12569.556276582194,17210.66320149533,16989.821928819056,35405.30749260881,35476.114207586885,32887.11321912037,14346.420622629972,31155.731130779513,35741.14093139489,45520.44008923641,17857.836834898986,25212.70715739088,13488.883530857065,0.0,26848.59030030345,22062.063613330363,9581.033920062831,8911.153104257814,10728.659690519135,20143.777101946238,22030.821690166667,6403.750034071856,34405.23290347892,39621.58191765156,38675.84931752737,29703.14682730865,18066.835789101704,32060.619737213347,36330.07152915874,38354.61392551927,36265.01271665622,43706.96684087207,17232.00249041137,14843.402120102037,36950.65802775101,11400.54194925131,25010.10142781451,38821.319635604006,25245.440155486318,13393.78623537708,16699.70438905247,13357.430387111546
topology_ad_carcinoma_11_clean.csv,30047.023264539035,9635.683867043892,7065.823356106743,42295.819487554814,19582.46165530808,9306.046264612773,16556.191262097156,7411.238115484227,9177.598113591413,7385.502421205749,6552.053054154279,15466.362581852405,30502.356834348553,10736.663176507254,22551.159887258407,10373.640126499171,6234.503575338493,38782.66276375966,6805.162680552494,12642.620336182008,21646.318591437896,9956.604489389436,8194.44619430077,13885.98782054911,26848.59030030345,0.0,36484.22958198349,19269.637321340968,19654.332771890528,35821.44145732637,7903.296859555209,7380.267555814416,23197.235551557893,10162.58652840748,13461.92977113013,14813.036041876661,6608.36606588281,41343.3655294722,6589.285942415696,15357.117925706325,11676.198670616406,12262.351722629965,19800.37645517639,11014.815012488427,30755.373734514884,12349.180427136766,23222.778876648346,5818.892180850262,12845.080763585018,2197.7703483667287,19978.540904345435,35118.860561458954,30737.283790113248
topology_dysplasia_2_clean.csv,18107.607785067135,45510.8951704372,37426.30110929296,11709.311518466644,27775.59938443711,33539.36262320172,22061.953049303313,42995.472541874544,34258.62431201638,31208.943787620723,34327.63183471144,22613.95420131895,7036.922733551008,29173.54469646472,27691.097096447804,39133.46960187664,41502.86704087127,14115.947116883237,43041.50294192008,36912.72616707436,57756.26488067356,29275.950918386625,37528.694152341115,25517.96127145882,22062.063613330363,36484.22958198349,0.0,27027.60752056715,19245.053147998042,16348.263849194496,32250.555056264202,29444.43632591703,17145.89909973912,46263.472822934564,48957.671228840576,50917.101234959235,41943.8671106828,15063.638318080637,42665.605177349156,35678.80135568878,45937.02457283658,48400.97149529858,55945.649646804646,29403.307454759248,9016.679134130032,48454.25253635374,14910.888577718313,31610.202247015553,48804.47566031411,35129.810793412355,16752.053053476437,7257.649392958025,9314.029349792527
topology_carcinoma_18_clean.csv,13853.868002646763,23758.128403360766,25325.87502032379,29196.40022136709,30010.550630105794,25224.360570473378,7069.152365652131,21279.492261386597,25355.05379600149,12696.024281565196,14357.316767822307,8374.38856014596,21895.73537971823,9283.84782875091,32753.43828731647,28736.639187611603,25159.250755519082,23762.897840493766,22563.654727132103,29674.47574803654,36007.82459798067,11078.85738339389,15697.21377719713,6655.543147879778,9581.033920062831,19269.637321340968,27027.60752056715,0.0,8207.52234120367,19779.692585299075,11776.79590366339,15986.338165845753,9955.712872092077,25684.906302843905,31385.877108076733,29164.59940000847,20232.12226493411,26239.94911317844,24086.471108418005,30988.52803073171,30590.676225296127,27212.081196238647,34183.29958016772,9007.741735214575,20307.318816985393,28274.575173450798,14771.033502614873,18600.632422567625,30537.187535856254,17784.51852811983,13101.754987690854,23167.32247066829,19197.641727569855
topology_carcinoma_11_clean.csv,10785.181499466496,27799.146814835334,23979.209080106044,23266.738267282308,24567.424396478902,22649.158690673827,4110.3723855416265,25281.555815901185,22863.966563128528,13502.724805707903,16623.54717318946,5076.025409601569,14013.880839209103,11469.27844155645,26853.08386291234,27167.740803078297,25508.6001457494,19765.22574117904,25352.68512659071,27100.29841506735,40050.558624443125,11586.360792106429,19803.161873130775,7749.268805438963,8911.153104257814,19654.332771890528,19245.053147998042,8207.52234120367,0.0,16314.687416665196,14267.43035607075,13841.514075286404,3828.546294333602,28573.321489733677,32687.125876411486,33202.339963263774,24232.467895642385,21874.300835020596,25160.52575601811,27495.979011993364,30869.382777803417,30715.729037710073,38252.62504314736,11721.528868994434,13169.039961772944,30773.230340975457,6978.600486325474,16763.819929272875,31972.70866889337,17896.919604882787,5372.085254131533,16447.08080917393,12152.20509997887
topology_carcinoma_16_clean.csv,6166.032281614834,43444.29792736538,40014.819623725314,11509.712696788058,37334.854608501344,38153.31252888119,19777.42982968187,40927.18217441768,38492.81301849291,29251.288679720263,32263.968077684003,20617.51555460353,12649.467004268135,27104.021808713576,38480.806918235045,43061.608399861165,41799.75705482096,4435.092130913699,41042.83765479827,42480.70525169641,55696.72159740375,27258.542485559785,35404.180319287414,23376.581776512397,10728.659690519135,35821.44145732637,16348.263849194496,19779.692585299075,16314.687416665196,0.0,30101.90652789446,29659.4157376137,13140.580721409056,44385.60801335782,48965.78507312701,48849.25489089186,39876.855288207174,7618.268003816413,41364.69665988731,42381.75298165127,47145.37328825835,46441.0130777005,53893.125364732485,27355.19365778593,9037.106885437723,46818.10995380865,14242.87534950064,32739.507637414696,48236.076889898046,34175.719787676186,18144.332867587975,9315.627366330418,8526.67646607158
topology_dysplasia_12_clean.csv,24200.606354691674,13597.831480523677,14349.782339413923,37381.80316705022,23492.225765101768,15439.237734879214,10514.626517442153,11090.797218837268,15521.510616169513,4127.323431167688,4733.131323299588,10169.410838728712,26595.17851096534,4795.706449474077,26650.956579056874,17762.485610937405,13470.056660785443,33929.46221851437,11344.87408699041,19506.834298114307,25842.74525356459,5756.51983399392,5610.020091072709,7397.1414621909125,20143.777101946238,7903.296859555209,32250.555056264202,11776.79590366339,14267.43035607075,30101.90652789446,0.0,8835.440784104805,17233.416798874056,14441.86873148604,19663.498717551065,19002.23043235712,10052.93693990761,35716.48982391363,12389.95496237938,21735.252022159864,18858.241433724936,16498.939162514536,24036.594934306544,5249.711228829507,25931.39201628738,16875.371970173655,18780.826319315438,9592.232804215373,18826.49622168967,6546.486236753237,15873.368219667906,30459.88606782016,25792.42742045954
topology_ad_dysplasia_1_clean.csv,24350.239103106822,16455.17741791099,10611.86649223547,35244.74957190214,15263.907545810202,9507.898452244546,11164.066388731975,13947.331260932518,9656.196282754121,5361.6583818841955,6928.366957447993,9794.225466817748,23277.76806151126,8093.657582712234,18380.574449498006,13725.320037648726,13097.825406825259,31960.325317240167,13783.902373642703,14005.610259936377,28652.919199847118,6284.12752528935,11971.686649147943,9589.329779358603,22030.821690166667,7380.267555814416,29444.43632591703,15986.338165845753,13841.514075286404,29659.4157376137,8835.440784104805,0.0,17330.527236398244,17166.414443681588,20560.00064459785,21816.63583163822,12888.85785890398,34796.81895828252,13584.231057182547,15218.129971454611,18137.296367805033,19272.563978432154,26806.077074790628,8413.07169700744,23905.29554672321,19376.65661404202,16518.476481836406,3167.339434012596,20022.56999062766,6165.877051627789,12936.677474560856,27978.433871605568,23829.842122213755
topology_dysplasia_1_clean.csv,7505.538320372254,30395.29645268854,27605.38375576531,20520.620400928845,27209.60068907612,26126.688033131126,6881.191575384717,27882.377215846718,26379.163226697878,16348.275779116373,19221.54437835457,7788.238980170941,12061.583358526417,14077.07403486654,29211.610057931484,30750.237463976195,29091.718582609887,17108.227397905597,28067.860418527736,30550.87124552968,42639.81874533795,14289.570858275343,22366.83145670799,10358.961514373774,6403.750034071856,23197.235551557893,17145.89909973912,9955.712872092077,3828.546294333602,13140.580721409056,17233.416798874056,17330.527236398244,0.0,31409.104702010645,36166.1093575116,35801.43167088926,26832.392945610296,18610.63611551699,28548.612819921567,30806.791799729614,34473.93719578949,33415.302059535796,40805.61350572256,14292.788363147238,10400.747809166083,33898.65752003056,5355.756652288202,20324.341133306134,35418.64759332921,21428.893345172448,7197.176222089499,13751.295985374669,9415.551736862775
topology_ad_dysplasia_3_clean.csv,38477.41592647239,4672.519629482006,9667.158055760176,51301.10178758343,25824.08211008671,14395.292367933363,24652.23690571793,5191.45010496571,13121.481229965808,15185.426478648918,12603.14625511656,23891.282241973982,39483.95146773757,17627.199981255595,28442.274920039323,11280.83645314517,4959.664211146265,48232.10904132308,3561.396270911426,15010.362493389832,11504.068828531228,17183.09159431587,10979.319555977587,21235.09378695614,34405.23290347892,10162.58652840748,46263.472822934564,25684.906302843905,28573.321489733677,44385.60801335782,14441.86873148604,17166.414443681588,31409.104702010645,0.0,6185.942304887479,4758.851309439204,5723.49292225714,49981.11318410562,4362.50629637819,17879.528697478236,7060.412858094019,2530.4757071811923,9711.723582928507,17731.82104815436,39193.13762156731,2613.604201630987,31533.22773246664,15050.494251038279,5305.6272846687225,11171.247748045105,29593.1326248447,44538.46572356033,39609.65807245619
topology_ad_carcinoma_6_clean.csv,43201.97763715439,10510.107482723603,11743.071998394535,55168.70666503001,27796.36532594169,16672.995805441034,29372.384229781714,11279.58075852362,15335.882141695198,19897.341325160236,17690.759461424444,28490.44077355118,43082.31569263092,22910.6401667461,30363.30484982242,11211.58393205449,7521.714506946492,52144.211695585225,9043.606355106716,15328.681283304679,9030.154189530182,22097.089422909423,17065.386454262312,26356.4556700719,39621.58191765156,13461.92977113013,48957.671228840576,31385.877108076733,32687.125876411486,48965.78507312701,19663.498717551065,20560.00064459785,36166.1093575116,6185.942304887479,0.0,7239.592332773938,11695.068564195932,54535.714468424725,7647.925817201608,17261.060850972553,3397.4895952395063,6362.538707714096,7588.241793982132,23116.35293424226,43551.31927750755,3873.6099578507747,35826.51425303,18007.330249208273,1098.3134000428186,14872.888704763518,32739.12130261603,48043.24820408009,43640.140754103646
topology_dysplasia_16_clean.csv,42951.57370529884,5439.819087214384,13909.148857752192,55916.84297891612,29949.758881725644,18798.390775342905,29181.22465945028,7950.818075498252,17538.153629881406,19740.86280406375,16608.75434938023,28400.082978633483,44082.450567600165,21767.809682819898,32545.065457472323,15072.790361891051,9534.942453793557,52872.18759826867,8122.97730748666,18883.35490232386,6860.592050305843,21669.43568787218,13548.203082694858,25499.2536746463,38675.84931752737,14813.036041876661,50917.101234959235,29164.59940000847,33202.339963263774,48849.25489089186,19002.23043235712,21816.63583163822,35801.43167088926,4758.851309439204,7239.592332773938,0.0,8992.740284198437,54310.39451754228,8376.829526308311,21687.35176168872,9649.742565149343,2901.779304982157,5320.336924891346,21537.308010655084,43626.91837809202,4178.05543213775,36067.55124923951,19696.186556652225,6927.134235853718,15815.444701491679,34233.305024103036,49166.17929918066,44219.856554737096
topology_dysplasia_15_clean.csv,33976.18715753209,3943.8818468853356,10859.153716844688,46963.07574893524,24002.714795340125,13760.623561688843,20213.681251629034,1404.9033330361929,13519.153705313503,10776.757923092275,7865.427624465109,19429.28400361761,35155.830073907615,12817.480117421637,26997.2819251842,13680.96319160503,7248.277159443483,43893.998946042506,3313.3777311473473,16585.72175785363,15831.935236750309,12735.67638632554,5395.799778122903,16534.006339983876,29703.14682730865,6608.36606588281,41943.8671106828,20232.12226493411,24232.467895642385,39876.855288207174,10052.93693990761,12888.85785890398,26832.392945610296,5723.49292225714,11695.068564195932,8992.740284198437,0.0,45338.096356138994,5851.485215914199,19529.659856421516,11744.229539659751,7195.509202481853,14046.710582141304,12598.182669455782,34672.05302622093,8278.448281578407,27134.31827671767,10983.786579000718,10818.389682560413,6948.721243111422,25261.927703452155,40198.74378059123,35256.56004648758
topology_dysplasia_4_clean.csv,13330.889171152578,48903.02575310884,45124.52524738583,5263.537351751238,40466.00652926245,42800.84408529117,25378.19226354494,46391.797654407295,43251.66399401159,34859.87317542238,37726.12046630186,26153.36402539451,14329.257546573865,32588.415718324784,41080.28338558872,47961.24235774594,47297.419315900224,5761.751992714553,46613.43404698738,46986.0161545511,61157.48075034928,32840.58252642584,40839.971510526724,28877.324497708858,18066.835789101704,41343.3655294722,15063.638318080637,26239.94911317844,21874.300835020596,7618.268003816413,35716.48982391363,34796.81895828252,18610.63611551699,49981.11318410562,54535.714468424725,54310.39451754228,45338.096356138994,0.0,46961.85651385691,46566.387133140095,52577.360565096045,51990.69509256537,59334.902962303706,32807.510088024734,11782.993899970497,52446.395222656334,18817.746855710924,37848.70025084237,53820.98862879846,39702.324496951194,22816.838642640592,9029.246274282117,11545.157983902185
