,sim 0_0_1000_100000_100000 - step_10000.csv,sim 0_0_1000_1000_0 - step_10000.csv,sim 0_0_1000_100000_100 - step_10000.csv,sim 0_0_1000_100_10000 - step_10000.csv,sim 0_0_1000_1000000_10000 - step_10000.csv,sim 0_0_10000_10000_1000 - step_10000.csv,sim 0_0_10000_100_100 - step_10000.csv,sim 0_0_100000_100_0 - step_10000.csv,sim 0_0_10000_10000_0 - step_10000.csv,sim 0_0_1000_1000000_10 - step_10000.csv,sim 0_0_1000_100_100000 - step_10000.csv,sim 0_0_10000_1000_100 - step_10000.csv,sim 0_0_1000_100_1000 - step_10000.csv,sim 0_0_1000_100000_1000000 - step_10000.csv,sim 0_0_10000_1000000_10 - step_10000.csv,sim 0_0_10000_10_100000 - step_10000.csv,sim 0_0_100000_10_100 - step_10000.csv,sim 0_0_100000_0_0 - step_10000.csv,sim 0_0_10000_100_10 - step_10000.csv,sim 0_0_10000_0_100 - step_10000.csv,sim 0_0_1000_1000000_0 - step_10000.csv,sim 0_0_100000_10_0 - step_10000.csv,sim 0_0_1000_1000_1000 - step_10000.csv,sim 0_0_100000_10_100000 - step_10000.csv,sim 0_0_10000_0_10 - step_10000.csv,sim 0_0_10000_0_100000 - step_10000.csv,sim 0_0_10000_10000_100000 - step_10000.csv,sim 0_0_1000_1000_10000 - step_10000.csv,sim 0_0_10000_100000_100 - step_10000.csv,sim 0_0_10000_1000_1000 - step_10000.csv,sim 0_0_100000_0_100 - step_10000.csv,sim 0_0_10000_1000_100000 - step_10000.csv,sim 0_0_100000_10_1000 - step_10000.csv,sim 0_0_10000_1000_0 - step_10000.csv,sim 0_0_1000_1000000_1000000 - step_10000.csv,sim 0_0_10000_10_1000000 - step_10000.csv,sim 0_0_1000_10000_100000 - step_10000.csv,sim 0_0_10000_0_1000000 - step_10000.csv,sim 0_0_1000_100000_10 - step_10000.csv,sim 0_0_10000_0_0 - step_10000.csv,sim 0_0_100000_10_10 - step_10000.csv,sim 0_0_1000_100000_0 - step_10000.csv,sim 0_0_10000_1000000_100000 - step_10000.csv,sim 0_0_1000_10000_100 - step_10000.csv,sim 0_0_10000_1000000_1000000 - step_10000.csv,sim 0_0_100000_0_1000 - step_10000.csv,sim 0_0_10000_10_1000 - step_10000.csv,sim 0_0_1000_10000_1000000 - step_10000.csv,sim 0_0_100000_0_100000 - step_10000.csv,sim 0_0_10000_100000_0 - step_10000.csv,sim 0_0_1000_100000_1000 - step_10000.csv,sim 0_0_10000_1000_10 - step_10000.csv,sim 0_0_1000_10000_10 - step_10000.csv,sim 0_0_1000_1000_10 - step_10000.csv,sim 0_0_10000_100000_1000000 - step_10000.csv,sim 0_0_10000_1000000_1000 - step_10000.csv,sim 0_0_10000_100_1000 - step_10000.csv,sim 0_0_10000_100000_10000 - step_10000.csv,sim 0_0_10000_100000_100000 - step_10000.csv,sim 0_0_10000_100000_1000 - step_10000.csv,sim 0_0_10000_0_1000 - step_10000.csv,sim 0_0_10000_1000000_0 - step_10000.csv,sim 0_0_10000_10_10 - step_10000.csv,sim 0_0_100000_0_1000000 - step_10000.csv,sim 0_0_10000_1000000_100 - step_10000.csv,sim 0_0_10000_1000000_10000 - step_10000.csv,sim 0_0_1000_100_10 - step_10000.csv,sim 0_0_100000_100_10 - step_10000.csv,sim 0_0_1000_100_100 - step_10000.csv,sim 0_0_10000_10_10000 - step_10000.csv,sim 0_0_1000_1000_1000000 - step_10000.csv,sim 0_0_10000_1000_1000000 - step_10000.csv,sim 0_0_1000_100000_10000 - step_10000.csv,sim 0_0_100000_10_10000 - step_10000.csv,sim 0_0_10000_100_1000000 - step_10000.csv,sim 0_0_10000_100_0 - step_10000.csv,sim 0_0_1000_1000_100 - step_10000.csv,sim 0_0_100000_0_10 - step_10000.csv,sim 0_0_10000_10000_10000 - step_10000.csv,sim 0_0_10000_10_0 - step_10000.csv,sim 0_0_10000_0_10000 - step_10000.csv,sim 0_0_10000_100_10000 - step_10000.csv,sim 0_0_10000_10000_1000000 - step_10000.csv,sim 0_0_10000_100000_10 - step_10000.csv,sim 0_0_100000_0_10000 - step_10000.csv,sim 0_0_10000_10_100 - step_10000.csv,sim 0_0_100000_10_1000000 - step_10000.csv,sim 0_0_1000_1000_100000 - step_10000.csv,sim 0_0_1000_10000_1000 - step_10000.csv,sim 0_0_1000_1000000_100000 - step_10000.csv,sim 0_0_1000_1000000_100 - step_10000.csv,sim 0_0_10000_10000_100 - step_10000.csv,sim 0_0_1000_10000_10000 - step_10000.csv,sim 0_0_1000_1000000_1000 - step_10000.csv,sim 0_0_1000_10000_0 - step_10000.csv,sim 0_0_10000_1000_10000 - step_10000.csv,sim 0_0_1000_100_1000000 - step_10000.csv,sim 0_0_10000_10000_10 - step_10000.csv,sim 0_0_100000_100_100 - step_10000.csv,sim 0_0_10000_100_100000 - step_10000.csv
sim 0_0_1000_100000_100000 - step_10000.csv,1.1315201561965673e-308,2.03306505844155,1.6473885057535418,2.0396078054371207,1.647388505753542,0.26718151501107457,2.0741976565330846,2.339762764879892,1.9863338114368108,1.976557625102667,2.06155281280883,2.2773648220134604,1.9999999999999998,2.291714014662388,1.976557625102667,2.033335141053044,2.031595056162078,2.03306505844155,2.2203603311174547,5.882432868837969,1.9975021383967009,2.1245914639969907,1.98272164488796,2.0339093170424305,1.9672056219886314,5.313676371009819,2.1515574526042354,2.1523243250030872,1.7157731642091885,2.1549039679556765,8.632076281297238,2.0902085229828566,1.998128321258481,2.368180027783123,0.4565459505193558,2.0471763800012397,2.2464894560253503,6.041571767033886,1.9547680262166378,1.7548605614913573,1.7157731642091885,2.0330650584415504,1.8270222232040922,1.7548605614913575,1.6757029485863013,6.05243272137813,1.995132966886064,2.2638462845343543,8.471801829829165,1.9807173671742995,1.7157731642091885,2.2638462845343543,1.7548605614913573,1.9672056219886316,2.308679276123036,1.6473885057535418,2.06155281280883,0.2611549231052597,1.647388505753542,1.647388505753542,9.011403984316239,2.033335141053044,1.647388505753542,8.162376370841251,1.647388505753542,0.32989041868924834,2.223610677354394,2.212236635106027,2.0471763800012392,2.06155281280883,2.150571709496325,2.138688610010401,1.6473885057535418,2.040728057806126,2.0315950561620775,2.3378449603990474,1.5863737367509174,1.976557625102667,2.0924799215816194,2.1440472885433817,9.860474714293463,2.06155281280883,2.1386886100104014,1.8352262954620988,7.655207721311401,2.0,2.0,2.153823479822079,1.5920810978785565,0.4409146976386124,1.840893502864538,1.3462912017836257,1.7149858514250855,1.62690489169688,2.0333351410530436,2.12464080230608,2.104269799452748,1.995132966886064,2.0930366621575947,2.03306505844155
sim 0_0_1000_1000_0 - step_10000.csv,2.03306505844155,5.10468141425192e-309,1.9197575760205834,1.15883914468977,1.9465514377996795,1.9632903715561287,1.374307790071785,2.2202392162631783,0.9414351446023449,1.6759490584951957,1.33205721244755,2.0347202584334645,1.4098253289507459,2.0781418412396686,1.5691516864604353,0.7810249675906665,0.8572255251140312,0.4930494853182763,1.9039432764659765,6.122949101784183,0.6904701690090379,1.46310034573954,2.1910685178697626,0.7624621918261465,1.2977185219017846,5.554192603956032,1.6945202310535201,1.704058301125506,1.9650063613128554,1.7141415489976328,8.632076281297238,1.3650007863786768,0.8848552259909295,2.2612284548925414,1.9465514377996793,0.8713924417450832,1.9729561793285262,6.37574813521973,1.7831948717448936,1.3628514078714629,2.204089154905051,0.5023062958859591,1.8920575194229066,1.9871124030812544,2.0,6.292948954324343,0.9597256095873514,2.026290061551835,8.504746893540299,1.2037701192503505,1.9550739243278683,2.015564437074637,1.820805993817074,1.738491793095789,2.124337928473011,1.92653535174895,1.3320572124475498,1.9065304289845342,2.0,1.9175240834858676,9.011403984316239,0.5273005703330629,1.9850647766735567,8.350034164046342,1.9511624344211742,1.958715164834567,1.9210813707956305,1.8768016665233698,1.197444428596849,0.6884270187929011,1.6703662642636472,1.6257151740048497,1.9093614526916607,0.8861759207071297,1.033523535506557,2.217192584123283,2.015564437074637,1.237802297230401,2.200252510761236,1.5346362049515114,9.860474714293463,1.2713594595091613,1.6247586652243382,1.8466545795287979,7.895723954257614,0.7565090673052479,0.8096164502535105,1.7031736798488635,1.9716039719533442,1.910901164878204,1.7787363664198454,2.0155644370746373,2.0369670330856025,1.9739820004933248,0.6816960748169149,1.5385737360536973,1.4661082830856706,1.4646980018715068,1.4406578401268484,1.0044695555385734
sim 0_0_1000_100000_100 - step_10000.csv,1.6473885057535418,1.9197575760205834,1.292518812661657e-308,1.941514637578472,0.38465148136364524,1.6055459438389743,1.9692162146397205,2.356750845794873,1.8214112050785114,1.796286057012051,1.9612326526971664,2.2718690298714153,1.8939706243559877,2.2875980667359004,1.796286057012051,1.909226185683398,1.9034239379243925,1.9188081777109645,2.23480000576329,5.538528802069598,1.888570926942395,2.0155644370746373,2.0455978742815777,1.909226185683398,1.7918430835389294,4.998941596121244,2.098034043652242,2.108353163306496,1.2499999999999998,2.1189328784107047,8.382556538574672,1.99389658276611,1.853801939974458,2.3840456097540956,1.419115530493864,1.9053242219362048,2.2525495758887857,5.95159728127447,1.7750844650214792,1.630882115817833,1.401915215322135,1.930622855913168,1.7176306652015794,1.630882115817833,1.7029386365926427,5.719738115283182,1.8144122565543548,2.2638462845343543,8.134700087614778,1.8135772660683636,1.2499999999999998,2.2638462845343543,1.630882115817833,1.7918430835389294,2.3087053544825666,0.6575306807693816,1.9612326526971664,1.5782679446834815,0.7888184094918027,0.4154759474226557,9.011403984316239,1.9262183048474002,1.5318824603797117,7.8184723040728805,0.33606788694082196,1.6034901170744922,2.2360679774997925,2.2146137109863844,1.9461751350405234,1.9470221009861173,2.098034043652242,2.0908221818514128,0.5413812651491097,1.941514637578472,1.9188081777109642,2.3537734455776755,1.6846394878672526,1.796286057012051,2.0939831959688693,2.0908221818514128,9.860474714293463,1.9489680485563694,2.0908221818514128,1.7193377937390903,7.311303654543028,1.8843516789601669,1.8679599504318234,2.1084815494674003,1.6194134740701729,1.4891434037469602,1.7258027296676737,1.7432907101226691,1.7353353822500472,1.6399552204252408,1.930622855913168,2.0155644370746373,2.000060823037078,1.8679599504318234,2.0,1.930622855913168
sim 0_0_1000_100_10000 - step_10000.csv,2.0396078054371207,1.15883914468977,1.941514637578472,7.89826419859187e-309,1.9643482101489076,1.9800020614295595,1.7461069896780153,2.3630371379447492,1.314609959355264,1.75,1.6853123680130568,2.2499999999999996,1.721875306355578,2.2628518764953314,1.707903500300618,1.254923230935987,1.168152949007452,1.1428756508649092,2.168268638542945,5.763093144799088,1.2818917209723768,1.840893502864546,2.1936568048614236,1.278192423779434,1.4470336036181026,5.194336646970937,1.9802746282538128,1.9910247826435064,1.975739535668298,2.0,8.607120881304162,1.7504900745063279,1.2134270658460569,2.4097302753627856,1.9500037930474488,1.308850136751543,2.220360331117454,6.039125703829277,1.8105699600531622,1.437300912606336,2.2051654737458923,1.1214285116048939,1.9258836355755677,1.9906029237394407,2.0230805791133957,5.933092997339248,1.1231727902721471,2.2470394724019798,8.352462105790284,1.4988503982953372,1.9614337159899757,2.237493586811013,1.8364228760260621,1.7499999999999998,2.274806562756314,1.9413626371414645,1.6853123680130566,1.9108978550003406,2.0008602183390307,1.9319679086361714,9.011403984316239,1.0601742356563055,2.009360512872897,8.04303664680237,1.955760721560797,1.9730011566174563,2.1838019437909764,2.1441678155642974,1.6224980739587995,1.3655446873386599,1.9802746282538128,1.9751933801248125,1.9163767896736783,1.319269737530761,1.5206906325745546,2.3592485496463245,2.0307433823900825,1.3902562713399311,2.2022715545545264,1.9734812132811257,9.860474714293463,1.6519098729572668,1.9751933801248127,1.9039432764659767,7.535867997272518,1.1527200845395948,1.129737090124263,1.9910247826435064,1.9859599668160315,1.928507356739924,1.8384818280578017,2.015564437074637,2.0466203243009105,1.9902889237495165,1.0380146003010235,1.871472494334918,1.8112503945996814,1.6436818582135648,1.8048969669276076,1.5299040848614496
sim 0_0_1000_1000000_10000 - step_10000.csv,1.647388505753542,1.9465514377996795,0.38465148136364524,1.9643482101489076,1.2775246174517856e-308,1.6055459438389743,1.9960350126397346,2.3611111111111143,1.8668142044944025,1.8500000000000014,1.9861596730659952,2.250787214265314,1.907769833144262,2.261981558498575,1.8500000000000014,1.9299007718922485,1.924828165543159,1.9284730395996736,2.1931957757571103,5.641562029326951,1.9052490777961122,2.031478385839469,2.0455978742815777,1.924828165543159,1.8312277470943918,5.072805531498801,2.083461132013871,2.0879683090383754,1.409910359640714,2.0953510130211077,8.485589765832026,2.0004339806929674,1.8757444281573405,2.3892508245212616,1.419115530493864,1.950991367077076,2.221736057931062,5.956367599869661,1.82742354513602,1.4362380341443757,1.409910359640714,1.9465514377996795,1.731303336392429,1.4385563751360104,1.7029386365926429,5.811561881867112,1.8668142044944025,2.2402302823443048,8.230930990318148,1.8643301855670105,1.409910359640714,2.2374935868110057,1.4385563751360104,1.8312277470943918,2.2940139493908998,0.34798414749709305,1.9861596730659952,1.5782679446834815,0.4689976902103745,0.2626952543449459,9.011403984316239,1.9567114562917478,1.4589532417660462,7.921505531330235,0.3634132293225214,1.6034901170744922,2.197665933233379,2.179242041548866,1.976557625102667,1.9811612756158978,2.0834611320138716,2.0776599278528205,0.22593514655458155,1.9643482101489074,1.9284730395996736,2.3600770824331496,1.6846394878672528,1.8500000000000014,2.0939831959688693,2.077659927852821,9.860474714293463,1.981161275615898,2.077659927852821,1.7339408203440858,7.414336881800382,1.9039432764659723,1.8998852613657449,2.0893170970325876,1.6194134740701729,1.4891434037469602,1.75,1.7432907101226691,1.7353353822500472,1.6399552204252408,1.9465514377996795,2.0343919053201605,2.0155644370746373,1.8844422116317567,2.0122329966117443,1.9465514377996795
sim 0_0_10000_10000_1000 - step_10000.csv,0.26718151501107457,1.9632903715561287,1.6055459438389743,1.9800020614295595,1.6055459438389743,1.0961099690977697e-308,2.015564437074637,2.367194776758152,1.9302270921368105,1.9039432764659767,2.0155644370746373,2.292465792173143,1.951673071438392,2.308679276123036,1.9039432764659767,1.9632903715561285,1.9612326526971593,1.9618285517701617,2.2374650835264416,6.149614383849044,1.947022100986114,2.098750822616178,1.98272164488796,1.9618285517701617,1.9006577808748197,5.580857886020893,2.149935399546285,2.1505813167606584,1.6568041525780945,2.156707882140954,8.632076281297238,2.0260986682808566,1.9308496765343435,2.395686698803772,0.3728608266902209,1.9800020614295595,2.2638462845343543,6.282083616844757,1.8791990019390874,1.6971884031204718,1.6568041525780945,1.9632903715561287,1.8078988334939483,1.6971884031204718,1.6757029485863013,6.319614236389204,1.9336206683031008,2.2840361178524136,8.504746893540299,1.911021450530937,1.6568041525780943,2.2818014039479544,1.6971884031204718,1.9006577808748197,2.3276381609442733,1.6055459438389745,2.0155644370746373,0.3841067139614864,1.6055459438389743,1.6055459438389745,9.011403984316239,1.9698790708363303,1.6055459438389743,8.350034164046342,1.6055459438389743,0.49508958295203337,2.2395494451901494,2.2299249219985775,1.988896648029556,2.0,2.1464103069735625,2.1302132855597677,1.6055459438389745,1.9800020614295597,1.9618285517701617,2.3648467180770973,1.5863737367509174,1.9039432764659767,2.0924799215816194,2.1411964464341535,9.860474714293463,1.99742887946501,2.130213285559768,1.8200274723201295,7.922389236322474,1.951673071438392,1.951673071438392,2.154810867928602,1.5920810978785565,0.3645184617965906,1.8245771106349697,1.3462912017836257,1.7149858514250855,1.6269048916968798,1.9632903715561285,2.1020162278684182,2.065453842884347,1.9336206683031008,2.0340322845504604,1.9632903715561287
sim 0_0_10000_100_100 - step_10000.csv,2.0741976565330846,1.374307790071785,1.9692162146397205,1.7461069896780153,1.9960350126397346,2.015564437074637,2.1289371329580927e-308,2.440491753725053,1.4501432009945912,1.893320011202531,1.5811388300841898,2.2902821331721146,1.7677669529663687,2.3048861143232218,1.8046370482823022,1.335069359575753,1.2418381440067603,1.2266129668297405,2.25,5.583423326749868,1.386750490563073,1.9398034408810405,2.2090722034374553,1.3710312886639606,1.4965740367321707,5.014666828921717,2.0155644370746373,2.0160488895361635,2.0155644370746373,2.0523532783706475,8.427451063254942,1.426702221707556,1.290559633866137,2.4901280784775444,2.0,1.4265032684512464,2.2638462845343543,5.877913107008513,1.8905289532275569,1.4902019873551327,2.262071814006656,1.3049350340873591,1.9811612756158927,2.0263884129159426,2.0590130986916755,5.753423179290028,1.2497048776949975,2.267033563126816,8.172792287741064,1.6288655401370027,1.9893779722700504,2.2638462845343543,1.9290992456743672,1.8376422427517394,2.346153846153844,1.9936008739074182,1.4852579318961348,1.9606723620001127,2.042091792473812,1.9675618161044546,9.011403984316239,1.306791575739719,2.0641122040620155,7.86336682875315,1.99177761610241,1.9952791918061108,2.25,2.2499999999999996,1.9347157413945837,1.4826487754812718,2.0155644370746373,2.0155644370746373,1.9857199954240188,1.4280030833267756,1.7677669529663687,2.440491753725053,2.071005190722611,1.4471527250544418,2.2211292246692294,2.015564437074637,9.860474714293463,1.747914664970922,2.015564437074637,1.9867617426914137,7.3561981792232976,1.245822344702466,1.2349953206304918,2.0249794521058466,2.0196263348808823,1.978474124569662,1.952562418976666,2.046462851869449,2.0899893673307366,2.0328214257431227,1.4370525338812874,1.942785130296194,1.7414074767268017,1.7986468206647845,1.68164565196281,1.8200274723201295
sim 0_0_100000_100_0 - step_10000.csv,2.339762764879892,2.2202392162631783,2.356750845794873,2.3630371379447492,2.3611111111111143,2.367194776758152,2.440491753725053,1.039361576730099e-308,2.2369075093161515,2.5495097567963922,2.3563084836538017,2.2547009266999076,2.361947964274625,2.200618438262962,2.5255486121320194,2.0732085333165875,2.2274317445747975,2.056210532549195,2.6789036902814223,5.51529121920378,2.200257160692768,2.1019496884091957,2.3914714722256436,2.0480030299255074,2.078942652172111,4.946534721375628,2.2766567403594724,2.3048861143232218,2.3708369342059443,2.2983899520930082,8.359318955708854,2.169425319567663,2.0180502043355935,1.2178134155154285,2.3717082451262845,2.0750274841916427,2.221913872182639,5.647760452199491,2.5434800289051704,2.118962010041709,2.74120398484504,2.25,2.360043406960429,2.378287198805056,2.3626882325253695,5.68529107174394,2.0937240877335346,2.1962534944228818,8.104660180194976,2.284720261325394,2.3758222260935264,2.617462407616047,2.5270145367875916,2.488314431996092,2.108448613449136,2.3625257861818065,2.378102606769664,2.3640224031856323,2.360244592437583,2.3735793225242388,9.011403984316239,2.229473259822445,2.659742794851512,7.795234721207063,2.363214882421583,2.364707532862427,2.6575731616008613,2.686088394241334,2.447686736514866,2.08561996871705,2.2765112284480704,2.163697902528638,2.37664784178043,2.0782787611917564,2.374837551299407,0.36854988416614426,2.3576888105370912,2.087373654900249,2.395923911331263,2.0927374484977004,9.860474714293463,2.371708245126284,2.2936270080531864,2.476269175145914,7.2880660716772105,2.2308907997260548,2.0899134742964884,2.2674486828618203,2.36929062427634,2.358223591566578,2.3670087142470324,2.3833916076791883,2.3632604596192963,2.3546781728127293,2.20401669701622,2.20523332475738,2.371260528114675,2.5,2.462214450449026,2.328196020759669
sim 0_0_10000_10000_0 - step_10000.csv,1.9863338114368108,0.9414351446023449,1.8214112050785114,1.314609959355264,1.8668142044944025,1.9302270921368105,1.4501432009945912,2.2369075093161515,1.6922947504152686e-308,1.4419290221388217,1.4063760009052082,2.0710051907226115,1.1030389890379588,2.1039579441168117,1.2371220287940163,0.8504404805877178,0.7027837911419716,1.0101699555521981,1.9579759105611938,6.4286691265606155,0.6875087517169138,1.5256672232027135,2.1812044978003544,0.7482137879514265,0.9125026970597241,5.859912628732465,1.6770509831248424,1.6800293743536923,1.9026297590440435,1.6863382633836426,8.632076281297238,1.4440024347526583,0.9961186321950173,2.2825737166977595,1.9048404551991505,1.1771124665215156,2.015564437074637,6.5611383595563275,1.5206906325745548,1.3035096540507398,2.1519250211445846,1.1096512752120973,1.8200274723201293,1.9131776461221106,1.9771066276971365,6.598668979100775,0.952729585516593,2.060109501949788,8.504746893540299,0.6751755499296315,1.874166481399132,2.0557768815239132,1.6379293330299718,1.5206906325745546,2.16351132421349,1.8288581744417085,1.4063760009052082,1.87815410363118,1.969189452691564,1.7879445075645344,9.011403984316239,0.7098298427607479,1.8595695886140173,8.350034164046342,1.9026297590440433,1.9137659209004605,1.963240921753345,1.9272126036803938,1.337175276231008,0.8030816575748273,1.6765531880550575,1.6496768817548235,1.8409319955514096,1.1918959454835623,1.1933299129658752,2.2354568396187844,1.9855827435191242,0.90340746120286,2.1909937276814118,1.5811388300841895,9.860474714293463,1.3656687214619323,1.642858810707395,1.7414074767268017,8.096449839281416,0.6693599513681998,0.8553264879096378,1.679626483691109,1.9097702014175024,1.8200274723201293,1.729614333874645,1.9827817661760831,1.9659791827802833,1.9379255804998214,0.7752692110443373,1.5807078828132644,1.5206906325745546,1.0101699555521981,1.4775863600876091,1.2096656430976518
sim 0_0_1000_1000000_10 - step_10000.csv,1.976557625102667,1.6759490584951957,1.796286057012051,1.75,1.8500000000000014,1.9039432764659767,1.893320011202531,2.5495097567963922,1.4419290221388217,8.816408437722816e-309,1.8407874729881337,2.412890218519935,1.6570591043611769,2.436499218688764,0.7378225385765766,1.6152270081111015,1.541896842051866,1.6570591043611769,2.3027870590088853,6.303219853043126,1.4448695197124457,2.037461656080917,2.1401381030458486,1.6043772855514038,1.035179418820718,5.7344633552149755,2.156681596852928,2.1588102897643924,1.8093282286675487,2.1644222455484003,8.632076281297238,1.9287325244735984,1.515909111922046,2.6172306206912053,1.858258593414813,1.6228732046250816,2.352734560517592,6.52222036671259,1.5,1.30345606501126,1.9338400994121394,1.6954967090517354,1.8101129455753977,1.858233716295854,1.9591414686330424,6.473219705583286,1.4474302458647763,2.399681071814406,8.504746893540299,0.9003503515455892,1.8251712248444005,2.3832657471003484,1.6170330603816852,1.2070223066682477,2.4706084776831787,1.8007414453736512,1.840787472988134,1.875,1.9452629949989904,1.7677669529663689,9.011403984316239,1.6374552457941474,1.8472810005082925,8.350034164046342,1.83471345702477,1.8747397364842304,2.3048861143232218,2.2838726863664034,1.7721397630785476,1.7007889453559788,2.155226206225229,2.132359683761597,1.8296978214030426,1.6368316265165601,1.725881819276824,2.549509756796392,1.9564882736381048,1.045746274615309,2.167692065051871,2.1356374557265276,9.860474714293463,1.7930847891899795,2.1323596837615972,1.7182031958479933,8.075994705516557,1.5041761167237868,1.4241631331732942,2.159224509647553,1.8756398085341515,1.8128493877027914,1.6886570107632868,1.9655839865452884,1.9431000993822356,1.9137998217644139,1.5944107842738433,2.0556537156547523,2.0,1.519721348494847,1.955760721560797,1.7329960716134871
sim 0_0_1000_100_100000 - step_10000.csv,2.06155281280883,1.33205721244755,1.9612326526971664,1.6853123680130568,1.9861596730659952,2.0155644370746373,1.5811388300841898,2.3563084836538017,1.4063760009052082,1.8407874729881337,1.5847714129366935e-308,2.263846284534354,1.7677669529663689,2.2716733920174317,1.7677669529663689,1.1516584414073912,1.1583817945360146,1.1275299881907064,2.1821755818913657,5.6082971962253545,1.3216430542365891,1.7870561619610226,2.206839117128578,1.1864338989046386,1.485514977084898,5.039540698397203,1.9655839865452884,1.9783550967631918,2.0082474576704104,1.99060292373944,8.452324932730427,1.5811388300841898,1.1671676523954,2.4049809807991336,1.9929861877686648,1.203546365117092,2.243358799807698,5.892678277646231,1.8722557224211616,1.479285129662621,2.250986112210191,1.2693475596233772,1.9522423005354606,2.015564437074637,2.054577181115967,5.7782970487655145,1.1887145036682774,2.259581792399482,8.197666157216549,1.5744340171915092,1.9870216022090599,2.25,1.902360394155664,1.8200274723201293,2.297965196499133,1.9772300765237818,0.37022343105017974,1.9480045154826138,2.024684684725594,1.9601316252760108,9.011403984316239,1.288820994857974,2.04146817265669,7.888240698228637,1.9801308965184525,1.9883164654712144,2.1914607000811097,2.1505813167606567,1.8358516387958517,1.2730004229584444,1.9655839865452882,1.942951873688862,1.9734812132811257,1.2247302345523448,1.7258027296676732,2.354100207661948,2.0634081179506145,1.4344752071132059,2.2137096024731058,1.9239379224292725,9.860474714293463,1.6365214570358821,1.942951873688862,1.9278731834168588,7.381072048698785,1.1815691041029324,1.1500834943149747,1.9783550967631918,2.0155644370746373,1.9625398085134478,1.9143406841787702,2.035405798763927,2.0792634671997168,2.0198563144734525,1.259880639842844,1.8200274723201293,1.7179606773406957,1.762911201047218,1.6950718858092517,1.7677669529663687
sim 0_0_10000_1000_100 - step_10000.csv,2.2773648220134604,2.0347202584334645,2.2718690298714153,2.2499999999999996,2.250787214265314,2.292465792173143,2.2902821331721146,2.2547009266999076,2.0710051907226115,2.412890218519935,2.263846284534354,1.381244978750446e-308,2.25,1.7260180537860705,2.3870536595583927,1.8865452736997934,2.000894794541557,1.8774016176826138,2.4732081981606617,5.9706217429782065,2.033903399512555,1.8462139815101568,2.3315767197328103,1.8349220080183766,1.9478011085448084,5.401865245150056,2.130050650157129,2.1602609964010666,2.295150498787962,2.117520424202226,8.632076281297238,2.0072523871430907,1.852196680803288,2.3677196642165255,2.2977290579024827,1.8668320032598216,1.8920362147861445,6.1030909759739185,2.4352441011528096,1.9335196974655169,2.618837263456175,2.068498703534973,2.2689426848269,2.2792220034863773,2.294558781116752,6.1406215955183665,1.8804504684608672,1.6023587325342894,8.504746893540299,2.1531670794952884,2.3034104161460327,2.016247287151419,2.375063158961643,2.323948212443133,1.9927591242970464,2.281386030951851,2.2638462845343543,2.2638462845343543,2.2823674964582055,2.268914987806613,9.011403984316239,2.072454874668269,2.5454388249807174,8.25056524498149,2.2808989455914057,2.290480686482187,2.4089309914873236,2.4914240661820317,2.3048861143232218,1.8708301254704096,2.1072429087966986,1.986281072758838,2.2766567403594653,1.896989317710104,2.2638462845343543,2.25,2.2929424621314842,1.9477601240044076,2.3489525591207663,1.8955826204822788,9.860474714293463,2.2638462845343543,2.160902851538403,2.350064351771433,7.743396595451637,1.9922635031370906,1.8956288359665638,2.111009461548093,2.292045423245835,2.2714398023082607,2.28388443619939,2.2967143257738525,2.301116878580685,2.271022087588327,2.070290265199165,2.0407206610230992,2.2446782056485453,2.3378007827871037,2.3048861143232218,2.2374935868110115
sim 0_0_1000_100_1000 - step_10000.csv,1.9999999999999998,1.4098253289507459,1.8939706243559877,1.721875306355578,1.907769833144262,1.951673071438392,1.7677669529663687,2.361947964274625,1.1030389890379588,1.6570591043611769,1.7677669529663689,2.25,1.9574515967641177e-308,2.255341459059566,1.5691516864604353,1.4358934873028741,1.3710446124555327,1.3892319676349993,2.148890419430981,6.019921827313573,1.0993014695142542,1.9034576138107202,2.1812044978003553,1.4272430974528838,1.332045299211638,5.451165329485423,2.0,2.0,1.932034839408857,2.0016780150746145,8.632076281297238,1.7677669529663689,1.3057234450330268,2.4143491115936575,1.92905417238604,1.487057886716895,2.2022715545545264,6.152391060309286,1.7510511895987042,1.373820195397684,2.158050921737064,1.5,1.8619401138743314,1.9624575586293447,1.9930619454415766,6.189921679853734,1.2459694149558618,2.23606797749979,8.504746893540299,1.2952838866375065,1.9116970991285633,2.227589275256717,1.762007741264729,1.6929024790042742,2.2849420255061723,1.8906031220986725,1.7677669529663689,1.8988666210253993,1.9946107946720395,1.8748278157854814,9.011403984316239,1.481899346370486,1.9360858479583953,8.299865329316855,1.9374999999999998,1.9238993967692033,2.150984916523384,2.1168537293678176,1.7499999999999998,1.638451326094159,2.0,2.0,1.8865385704452957,1.5191292890147958,1.5206906325745548,2.3584952830141503,2.0016780150746145,1.3354962675618625,2.1916376578414356,1.9969700231491685,9.860474714293463,1.761391495380856,2.0,1.8200274723201293,7.792696679787004,1.3553874707202374,1.2902933718694496,1.9999999999999998,1.9319679086361643,1.8650779139220968,1.7710397038612817,2.0016825287558406,2.0260897953066155,1.9565594803123132,1.433107561082721,1.9160237973231038,1.8200274723201293,1.5016997172591884,1.8200274723201293,1.6756567323782492
sim 0_0_1000_100000_1000000 - step_10000.csv,2.291714014662388,2.0781418412396686,2.2875980667359004,2.2628518764953314,2.261981558498575,2.308679276123036,2.3048861143232218,2.200618438262962,2.1039579441168117,2.436499218688764,2.2716733920174317,1.7260180537860705,2.255341459059566,1.3432868028312027e-308,2.4082182698952046,1.916227117080348,2.0570907011724224,1.917733874118976,2.513488917475094,5.579415120812486,2.062804595481227,1.889123336960433,2.336334387840627,1.876208982867385,1.9638282085532461,5.0106586229843355,2.15509765200981,2.195866524582659,2.3048861143232218,2.1505813167606562,8.423442857317559,2.0345157029780743,1.8856298569092327,2.3098888327694613,2.307631764355302,1.9060584946194195,1.9696288660106802,5.795525581853305,2.4526351235091193,1.978917024082628,2.6362570993954915,2.1194844969642896,2.2888123845171835,2.304886114323219,2.3149450508025606,5.749414973352646,1.9126429685124193,1.8031222920256968,8.168784081803683,2.166217902243445,2.3192020664125126,2.184005144733451,2.4057125225223377,2.3617646154444447,1.9006577808748197,2.2959045463499703,2.274282654310044,2.2791122289138968,2.300337341013472,2.288592213782887,9.011403984316239,2.0967384412504204,2.5603877991206323,7.859358622815769,2.295904546349961,2.300560393686718,2.4657276855708545,2.522889045479896,2.3048861143232218,1.9197006785773167,2.138600269127248,2.042091792473798,2.3026724359366155,1.920420954207691,2.2814640310554974,2.1946827177077255,2.3028091663684958,1.9882274072107757,2.358224859888458,1.9269980546876748,9.860474714293463,2.2638462845343543,2.1789047319603387,2.373952062109665,7.352189973285917,2.0264794177735395,1.9293196438715472,2.136000936329382,2.302554627473581,2.284907853547593,2.2926791208148636,2.305589717325413,2.308231378949138,2.29488935859877,2.0879578303295796,2.0743138088962736,2.25,2.3702437755546426,2.3048861143232218,2.25
sim 0_0_10000_1000000_10 - step_10000.csv,1.976557625102667,1.5691516864604353,1.796286057012051,1.707903500300618,1.8500000000000014,1.9039432764659767,1.8046370482823022,2.5255486121320194,1.2371220287940163,0.7378225385765766,1.7677669529663689,2.3870536595583927,1.5691516864604353,2.4082182698952046,8.08512467606433e-309,1.4195484908848446,1.3619362370377441,1.5691516864604356,2.266911751455909,6.234844731187044,1.4417777770884612,1.88970570574388,2.1401381030458486,1.4272430974528838,0.9080904858081236,5.6660882333588924,2.0438780887624786,2.06807844695863,1.8093282286675487,2.083333333333332,8.632076281297238,1.8216523158284952,1.3451039075784172,2.5800775182152935,1.858258593414813,1.4741528416963439,2.320088899158823,6.4894749774587925,1.5,1.286054864380802,1.9338400994121394,1.592081097878574,1.810112945575398,1.858233716295854,1.9591414686330424,6.404844583727204,1.276499902792859,2.3552056097190963,8.504746893540299,0.7878369380252486,1.8251712248444005,2.350531854708633,1.6170330603816854,0.9383995361833418,2.4428460272168318,1.8007414453736512,1.7677669529663689,1.875,1.9452629949989901,1.7677669529663689,9.011403984316239,1.5428571428571445,1.8472810005082925,8.350034164046342,1.83471345702477,1.8747397364842302,2.274278370813083,2.2526404539706646,1.75,1.602219343428598,2.0438780887624786,2.0241246253297227,1.8296978214030428,1.4916433890176328,1.6108631267582054,2.525983881959025,1.9564882736381048,0.9283508513194576,2.167692065051871,2.0241246253297227,9.860474714293463,1.7675392531250522,2.0241246253297227,1.7182031958479933,8.007619583660475,1.316077283851512,1.348459209238431,2.0730058650005097,1.8756398085341517,1.8128493877027916,1.6886570107632868,1.9655839865452882,1.9431000993822354,1.9137998217644139,1.4999999999999998,1.9238993967692108,1.8414402968502437,1.5197213484948469,1.82457711063497,1.64468842033985
sim 0_0_10000_10_100000 - step_10000.csv,2.033335141053044,0.7810249675906665,1.909226185683398,1.254923230935987,1.9299007718922485,1.9632903715561285,1.335069359575753,2.0732085333165875,0.8504404805877178,1.6152270081111015,1.1516584414073912,1.8865452736997934,1.4358934873028741,1.916227117080348,1.4195484908848446,6.9789562926805e-309,0.8816096508873033,1.0290049664848002,1.701596122139709,6.025895279130338,0.876142833211202,1.1291814297802667,2.2068391171285775,0.31366569859826576,1.251731593798616,5.457138781302188,1.397135672896736,1.4069533505088725,1.9650063613128554,1.419491933801508,8.632076281297238,1.1397109152318063,0.5933447847647404,2.1431422057795135,1.9415696395672377,0.7743386190912389,1.7606101349722798,6.158364512126051,1.6872982881482117,1.3502678419372618,2.2558246448438437,0.8632487412519434,1.871399972168176,1.9890273636568745,2.003902442735175,6.195895131670499,0.5499557380863161,1.8315012877746593,8.504746893540299,1.0394594517509694,1.946945744948626,1.8117444521199602,1.75,1.6177636271730036,1.9749569653600751,1.9011692308798989,1.2084340860361207,1.9059118552545977,2.0,1.8958101155845093,9.011403984316239,0.7041588432577272,1.9996187832904342,8.30583878113362,1.9479445185174598,1.9542282259620236,1.7117872242031573,1.6557787742433137,1.5981547547312829,0.3589037877459704,1.3935209041144996,1.3762536788288613,1.9043978843558593,0.7891220980532854,1.3438992379489763,2.072753654096533,2.015564437074637,1.3491012484232368,2.2137096024731058,1.2544864966175204,9.860474714293463,1.2980778051188113,1.3730158730158732,1.824990567297219,7.798670131603768,0.7503200463805894,0.22846326854336407,1.3971356728967357,1.9716039719533445,1.9041615051379472,1.7676867803114829,2.0155644370746373,2.0401526883274506,1.9812418405060481,0.6929480143599313,1.2919639585313172,1.20826800431358,1.3619324650284772,1.266417486587848,1.380115098605678
sim 0_0_100000_10_100 - step_10000.csv,2.031595056162078,0.8572255251140312,1.9034239379243925,1.168152949007452,1.924828165543159,1.9612326526971593,1.2418381440067603,2.2274317445747975,0.7027837911419716,1.541896842051866,1.1583817945360146,2.000894794541557,1.3710446124555327,2.0570907011724224,1.3619362370377441,0.8816096508873033,6.823943507034463e-309,0.9268562455958318,1.8201921995442603,6.212343345410832,0.8817371968757097,1.1681714558520566,2.1972555833961205,0.6173884628143815,0.9056519664835826,5.643586847582682,1.4771700955196059,1.490558501584442,1.9436506316151043,1.5169780984196606,8.632076281297238,1.1623747054139684,0.8608647096173883,2.3105240919390306,1.9415696395672377,0.9607866853717333,1.8965574777370162,6.441914286059971,1.6235551238098074,1.1538268750370246,2.223392501448318,0.9284402042631565,1.8453329723610619,1.9688939051854806,1.9999999999999998,6.382343197950993,0.8385956115026197,1.9654656068953338,8.504746893540299,0.9215502577888626,1.9416487838947645,1.9471833957831293,1.6905228420215854,1.5619551527491746,2.1099657711810265,1.8906031220986725,1.1583817945360146,1.8988666210253993,2.0,1.8739812046964437,9.011403984316239,0.6241426018795565,1.956387827499798,8.350034164046342,1.9479445185174598,1.9387316873553064,1.8233143746052054,1.7709727872548484,1.5242151317899075,0.6419892719993543,1.4709238903582047,1.4449928800316818,1.8946187273410442,0.9926150624139608,1.266460791782604,2.2254593795851934,2.015564437074637,0.7726657801990108,2.2082324045342645,1.3019707154595364,9.860474714293463,1.1945567228771257,1.43736500368493,1.7736282830631847,7.985118197884264,0.4272257773588626,0.7608286309008587,1.477170095519606,1.9438055720778218,1.8932945768334912,1.7512688552008528,2.0075670459008395,2.036967033085592,1.9675217852183065,0.6150022940940472,1.338796732497856,1.2311286573655313,1.2857683216182674,1.22267083878723,1.294838593640999
sim 0_0_100000_0_0 - step_10000.csv,2.03306505844155,0.4930494853182763,1.9188081777109645,1.1428756508649092,1.9284730395996736,1.9618285517701617,1.2266129668297405,2.056210532549195,1.0101699555521981,1.6570591043611769,1.1275299881907064,1.8774016176826138,1.3892319676349993,1.917733874118976,1.5691516864604356,1.0290049664848002,0.9268562455958318,6.51634866199201e-309,1.7129522271242592,6.5823158210166275,0.9323887621667444,1.1779357100126358,2.1985521414341886,0.8468185676705919,1.2812838247808218,6.013559323188476,1.4696608884550804,1.4724414759937843,1.9638937594037196,1.496966246012707,8.632076281297238,1.1473474844178637,1.1497653266510293,2.118428109236059,1.9441697246812963,1.3307591609775276,1.8073559334498914,6.7147850540123395,1.7677669529663689,1.3599807676479956,2.24691224803897,0.7526476564208381,1.8752835990968788,1.9860498776018978,1.9999999999999998,6.7523156735567875,1.1063762799726051,1.8603231829957205,8.504746893540299,1.2207299169974384,1.9477948964605294,1.8457584083080376,1.8027756377319943,1.6929024790042744,1.975800263110341,1.92653535174895,1.1275299881907064,1.9059118552545977,2.0,1.9045594546361007,9.011403984316239,0.5443893587500348,1.983340323144458,8.350034164046342,1.949525957490866,1.9500000000000037,1.720583085276568,1.6758134426136055,1.520093154298046,0.7757663794092869,1.468583028334152,1.4528652577499326,1.9093614526916607,1.3455426399395742,1.2143443828285618,2.045584033781643,2.015564437074637,1.266135393846736,2.2128919296384293,1.348587744659667,9.860474714293463,1.1524274631681903,1.452204838157054,1.8421052631578971,8.096449839281416,0.9065585369305122,0.9290251736932102,1.4696608884550804,1.9688808780729428,1.910901164878204,1.772913743106486,2.0137462221272724,2.0401526883274506,1.9700757211608468,0.9289159055003493,1.3641764255200282,1.281128369277026,1.5016997172591882,1.233615614593099,1.3211702843321935
sim 0_0_10000_100_10 - step_10000.csv,2.2203603311174547,1.9039432764659765,2.23480000576329,2.168268638542945,2.1931957757571103,2.2374650835264416,2.25,2.6789036902814223,1.9579759105611938,2.3027870590088853,2.1821755818913657,2.4732081981606617,2.148890419430981,2.513488917475094,2.266911751455909,1.701596122139709,1.8201921995442603,1.7129522271242592,1.591267182718281e-308,5.8959090824131,1.8901262263315406,1.6564638749062026,2.2940139493908926,1.6885085478648367,1.8400444083909955,5.504430462878235,1.9655839865452815,2.0,2.2377212627367404,1.962294575235836,8.56368140543998,1.8737714596568908,1.681714382796953,2.743190837787539,2.237461214631576,1.671088013059847,2.2886878264103547,6.457086148031459,2.3048861143232218,1.8172263813058982,2.5427654740171413,1.9180100733012164,2.1957118479051623,2.232095096699527,2.2451336263126906,6.22522698204017,1.745118334963747,2.4394998094850293,8.309022629926101,2.023516260264671,2.2108289318698637,2.4003082285066473,2.2714398023082647,2.255253564247988,2.570981620955989,2.2255617268456063,2.182596998935738,2.20047814387132,2.232773279581832,2.2040113465281888,9.011403984316239,1.945494745986918,2.4400645291691982,7.999597170938188,2.206367049145622,2.211152793431578,1.9510593668725762,2.154618680139187,2.25,1.7030017254332617,1.994189760392305,1.812021009505377,2.1892921230388613,1.7060529600640795,2.2056675034561417,2.6783637165211944,2.2452206183357566,1.8264494030247609,2.3074368259786326,1.6497347842233998,9.860474714293463,2.185877678299903,2.0054556183702665,2.2733697184011286,7.4924285214083355,1.8031098213687324,1.7285546663521905,1.937947976884597,2.2229734925526325,2.198980987206698,2.203031927413356,2.2499999999999996,2.25,2.2000167111664743,1.9485606552647448,1.8960199525236794,2.1505813167606562,2.211752518132106,2.2499999999999996,2.1380380745876133
