,sim 0_0_1000_100000_100000 - step_10000.csv,sim 0_0_1000_1000_0 - step_10000.csv,sim 0_0_1000_100000_100 - step_10000.csv,sim 0_0_1000_100_10000 - step_10000.csv,sim 0_0_1000_1000000_10000 - step_10000.csv,sim 0_0_10000_10000_1000 - step_10000.csv,sim 0_0_10000_100_100 - step_10000.csv,sim 0_0_100000_100_0 - step_10000.csv,sim 0_0_10000_10000_0 - step_10000.csv,sim 0_0_1000_1000000_10 - step_10000.csv,sim 0_0_1000_100_100000 - step_10000.csv,sim 0_0_10000_1000_100 - step_10000.csv,sim 0_0_1000_100_1000 - step_10000.csv,sim 0_0_1000_100000_1000000 - step_10000.csv,sim 0_0_10000_1000000_10 - step_10000.csv,sim 0_0_10000_10_100000 - step_10000.csv,sim 0_0_100000_10_100 - step_10000.csv,sim 0_0_100000_0_0 - step_10000.csv,sim 0_0_10000_100_10 - step_10000.csv,sim 0_0_10000_0_100 - step_10000.csv,sim 0_0_1000_1000000_0 - step_10000.csv,sim 0_0_100000_10_0 - step_10000.csv,sim 0_0_1000_1000_1000 - step_10000.csv,sim 0_0_100000_10_100000 - step_10000.csv,sim 0_0_10000_0_10 - step_10000.csv,sim 0_0_10000_0_100000 - step_10000.csv,sim 0_0_10000_10000_100000 - step_10000.csv,sim 0_0_1000_1000_10000 - step_10000.csv,sim 0_0_10000_100000_100 - step_10000.csv,sim 0_0_10000_1000_1000 - step_10000.csv,sim 0_0_100000_0_100 - step_10000.csv,sim 0_0_10000_1000_100000 - step_10000.csv,sim 0_0_100000_10_1000 - step_10000.csv,sim 0_0_10000_1000_0 - step_10000.csv,sim 0_0_1000_1000000_1000000 - step_10000.csv,sim 0_0_10000_10_1000000 - step_10000.csv,sim 0_0_1000_10000_100000 - step_10000.csv,sim 0_0_10000_0_1000000 - step_10000.csv,sim 0_0_1000_100000_10 - step_10000.csv,sim 0_0_10000_0_0 - step_10000.csv,sim 0_0_100000_10_10 - step_10000.csv,sim 0_0_1000_100000_0 - step_10000.csv,sim 0_0_10000_1000000_100000 - step_10000.csv,sim 0_0_1000_10000_100 - step_10000.csv,sim 0_0_10000_1000000_1000000 - step_10000.csv,sim 0_0_100000_0_1000 - step_10000.csv,sim 0_0_10000_10_1000 - step_10000.csv,sim 0_0_1000_10000_1000000 - step_10000.csv,sim 0_0_100000_0_100000 - step_10000.csv,sim 0_0_10000_100000_0 - step_10000.csv,sim 0_0_1000_100000_1000 - step_10000.csv,sim 0_0_10000_1000_10 - step_10000.csv,sim 0_0_1000_10000_10 - step_10000.csv,sim 0_0_1000_1000_10 - step_10000.csv,sim 0_0_10000_100000_1000000 - step_10000.csv,sim 0_0_10000_1000000_1000 - step_10000.csv,sim 0_0_10000_100_1000 - step_10000.csv,sim 0_0_10000_100000_10000 - step_10000.csv,sim 0_0_10000_100000_100000 - step_10000.csv,sim 0_0_10000_100000_1000 - step_10000.csv,sim 0_0_10000_0_1000 - step_10000.csv,sim 0_0_10000_1000000_0 - step_10000.csv,sim 0_0_10000_10_10 - step_10000.csv,sim 0_0_100000_0_1000000 - step_10000.csv,sim 0_0_10000_1000000_100 - step_10000.csv,sim 0_0_10000_1000000_10000 - step_10000.csv,sim 0_0_1000_100_10 - step_10000.csv,sim 0_0_100000_100_10 - step_10000.csv,sim 0_0_1000_100_100 - step_10000.csv,sim 0_0_10000_10_10000 - step_10000.csv,sim 0_0_1000_1000_1000000 - step_10000.csv,sim 0_0_10000_1000_1000000 - step_10000.csv,sim 0_0_1000_100000_10000 - step_10000.csv,sim 0_0_100000_10_10000 - step_10000.csv,sim 0_0_10000_100_1000000 - step_10000.csv,sim 0_0_10000_100_0 - step_10000.csv,sim 0_0_1000_1000_100 - step_10000.csv,sim 0_0_100000_0_10 - step_10000.csv,sim 0_0_10000_10000_10000 - step_10000.csv,sim 0_0_10000_10_0 - step_10000.csv,sim 0_0_10000_0_10000 - step_10000.csv,sim 0_0_10000_100_10000 - step_10000.csv,sim 0_0_10000_10000_1000000 - step_10000.csv,sim 0_0_10000_100000_10 - step_10000.csv,sim 0_0_100000_0_10000 - step_10000.csv,sim 0_0_10000_10_100 - step_10000.csv,sim 0_0_100000_10_1000000 - step_10000.csv,sim 0_0_1000_1000_100000 - step_10000.csv,sim 0_0_1000_10000_1000 - step_10000.csv,sim 0_0_1000_1000000_100000 - step_10000.csv,sim 0_0_1000_1000000_100 - step_10000.csv,sim 0_0_10000_10000_100 - step_10000.csv,sim 0_0_1000_10000_10000 - step_10000.csv,sim 0_0_1000_1000000_1000 - step_10000.csv,sim 0_0_1000_10000_0 - step_10000.csv,sim 0_0_10000_1000_10000 - step_10000.csv,sim 0_0_1000_100_1000000 - step_10000.csv,sim 0_0_10000_10000_10 - step_10000.csv,sim 0_0_100000_100_100 - step_10000.csv,sim 0_0_10000_100_100000 - step_10000.csv
sim 0_0_1000_100000_100000 - step_10000.csv,0.0,521.7259818421838,45.16228441265132,146.17467866467828,57.758082259508235,38.77354930663283,196.721798671182,753.0253104019304,557.7530653508139,482.66167964701685,178.46212859714888,649.3644916534669,181.26320589528083,685.8639379555683,443.9214195755931,430.86128628366436,527.6507879167691,726.4713336319024,725.9579132264191,1203.4974343713436,588.7326873099533,642.99572982344,86.15821532794503,481.2657847125308,762.7555591885115,1260.822769770348,249.2876143287097,244.76236162472773,53.16626095358261,279.7948058669255,1172.3560573863476,261.02188783908747,458.51380983123227,911.7533262298813,42.31055512781785,462.80102722141925,557.5535554114864,1260.1116512946921,454.0354184911655,729.3104203933317,717.0877831391183,516.954032953395,53.26392425603991,54.54870206693314,42.00523706807556,1247.1523554088305,434.9587374232658,635.4447206240477,1225.376784345086,504.5668885603486,46.5174394716338,739.0782867578871,423.2493139273575,386.3172408783527,762.2489013229172,53.07214349323904,177.2941119210358,51.04400034629731,32.33916071869999,75.76739343243281,1318.1412154751722,514.8934065757785,658.5199848257772,1264.0896484046227,52.94173247340189,51.17853595132462,713.15365617797,711.7589784962703,165.54790337891933,466.1580983905264,271.151032980841,297.29762100084685,61.47169887684907,465.649811937677,157.9452740890755,756.6209604491718,29.598333350593414,725.6374497602408,98.287922417966,624.7955157366912,1268.1171949843676,143.49768786961886,251.0956323276308,384.0431454310357,1341.2730110500283,535.2264793349347,416.83352196370316,295.494632172579,64.61811228986785,47.75388367704882,75.90249660171003,54.83441436143002,35.09773565851001,43.38715616196849,523.4944988345587,289.4204088011173,189.8405149122097,390.16385512240066,188.95125839543795,163.42843965256384
sim 0_0_1000_1000_0 - step_10000.csv,521.7259818421838,0.0,496.03355628428096,480.6952034224929,484.3422008303041,535.2189994939026,562.516178648743,864.8988544334127,88.63533187890839,483.1886931649772,489.27228207435894,876.0928850662482,431.1133375723768,907.9783972268066,441.0389404534899,355.0369743234395,228.84919759700801,224.29760463147886,712.8790913431077,791.2412448697689,81.54090956154643,170.50498277266414,590.1942053780364,348.77766209458065,273.6628906544721,854.0035683571725,483.28633314542964,504.80031656229704,511.8420725705043,524.4143543135593,774.9728632662819,369.5327179602643,359.98488010922824,926.7319951379158,528.8271204711895,349.02836263915134,771.3276801758608,843.3315727283609,459.8692208992287,242.3645941466282,712.2655739747744,53.54385228361908,492.2689784712158,499.8094969218426,542.8659141040234,831.3010087329151,323.6585728690846,850.2055591083152,812.0837232679886,122.56576434454482,520.0680412634455,845.2180830653841,440.01136925744237,437.7232823855958,980.0788969207259,499.52465776487486,491.8904018163811,508.5706253654343,539.1004281522568,498.6396319189419,881.7413402927522,66.44160864104938,616.0189034303402,850.5457858202576,501.20906559289904,523.4302198856625,715.4976250067597,685.2697100981715,551.3847595900816,334.7899115897542,507.6353679831302,450.1412246396014,492.3232728002969,361.8969192296793,481.50129291934303,832.0724038737466,531.4173310475649,231.26346453864673,592.0700869555174,219.8559296962519,852.9511514924174,507.8979796021812,501.92176601470044,425.9836898124852,905.7590077056972,242.41352486586416,323.68315716403305,512.6999068671087,486.99258620031264,500.7360333181638,501.0811225191478,519.0184197013981,529.854588254449,507.5454859098211,38.82378300668267,444.6489074647927,512.8427419869205,431.4705147879074,557.1185923334547,475.98269311170657
sim 0_0_1000_100000_100 - step_10000.csv,45.16228441265132,496.03355628428096,0.0,111.7127902837869,35.40062837341988,49.9429045338978,172.1797740258208,739.9462772090177,528.4043808465008,451.6950184527997,144.93893347607818,639.8553691667453,146.5585899241412,677.920480380988,405.610114108727,410.95900208570487,495.0035431971314,711.0273200928048,697.6735392671834,1191.2479029411675,565.4838270732962,614.948059924989,110.00944195866441,460.3700469923639,746.8309337459737,1248.521548909452,239.15349914793939,236.96820617655052,31.871052217335837,272.2993982609958,1160.0072652529725,242.4439198393492,438.3250384868276,897.2433086001054,40.26047914794911,439.197121082384,546.5229067141405,1247.5759972496528,419.1055751266868,713.4830711420598,705.2006123106204,487.65541784056137,30.96060200936434,33.905401773975626,61.02765250573476,1234.661769137649,414.5868896014356,625.1462280849961,1213.054070563471,476.64077283551325,44.89229313132228,711.094102053087,384.4638974197658,349.03818850421794,755.0013062389899,32.987299130412936,141.2853073303717,43.077635687719116,48.25431881892011,49.95306211445316,1304.1782848449373,486.2697753762389,638.1463100907723,1251.8656177264522,30.333050554945746,40.69781738068852,685.4438887918259,682.5304197208237,139.25878476345633,443.56682235597293,262.582628617875,294.8355410635436,41.0414927719396,457.604345936644,125.71130904765238,737.34418823018,47.77403292766852,709.6921977568106,117.96900122745107,594.6245023578024,1254.6942893537116,120.2156336293876,244.02584192949368,351.6809978670553,1328.0633332635446,502.56539516475107,396.6546278725291,288.46092515032177,46.19216761759098,39.910601344389214,50.912915830999246,54.173628376760725,49.004102956004836,43.1779391892276,497.9799461447698,284.3082548007606,166.31129520967576,351.94410270142464,162.09349520429302,132.16028716372767
sim 0_0_1000_100_10000 - step_10000.csv,146.17467866467828,480.6952034224929,111.7127902837869,0.0,111.13500322757973,147.134988260676,102.32537734249522,650.6677320126776,502.0432899081258,423.69616594914345,48.20317605811947,559.0348606655647,70.52872928706181,598.6185088026925,369.67825318865266,384.79976096759015,414.3561312750229,701.8932298932048,602.9800158388205,1174.2841748082774,553.3298210363702,550.4325578391256,209.53298311708457,421.54063864508356,742.7097850159746,1231.8928297241455,165.3284279620341,169.81263161121623,111.1173781882857,201.7349357653696,1142.3883615984682,194.5493246530769,410.29772351393416,817.0656873686145,138.8265161596335,388.49188329106323,470.1592008985256,1231.252889253928,398.04832170518864,709.388455049453,718.6466056902274,456.34360576424547,110.01128526302968,114.16215098230036,165.4551711471722,1218.0990539759825,389.5511406430869,547.4273798601427,1196.7062771894603,463.14425096248004,141.39258005954346,621.0287606639035,383.19970912309134,320.81603076797063,677.7834363353551,117.96509527105422,46.90207666913659,122.15962631238358,142.9200442644644,117.29850398210738,1288.7202919077547,444.96236686060644,654.5173882636262,1235.36420859857,113.90327496755935,134.73212399712492,590.5190412301487,588.8377558342581,84.88424784708748,390.8832505632373,190.7554192237315,240.5760352312856,120.27086998279069,439.2026566826743,52.010068145850454,647.5485803465409,144.67804483783436,704.4153905583192,212.27452523143305,513.6394034662177,1237.4130336400128,40.6237864742765,183.04144980886878,353.8554919225666,1312.4685089595307,415.8541068454295,375.2193736215982,218.3277442909291,123.59701618066939,124.59609240704512,93.1102062203365,141.42063828937685,148.74788619039134,137.68639897935503,479.9531381685526,226.51909565979275,73.21604087594642,290.86861253824605,98.4397254451426,47.15116376741602
sim 0_0_1000_1000000_10000 - step_10000.csv,57.758082259508235,484.3422008303041,35.40062837341988,111.13500322757973,0.0,61.31598491836147,179.6609577932858,733.5624872635084,518.1366142175223,462.3655175507211,144.1207901515806,648.7284056743356,136.75919264046198,685.5563393748862,413.8045430537436,397.04690475112227,486.5674761577335,691.8282381940459,700.356147475317,1167.847667356294,552.5818604206016,603.4182621559835,120.11391622041725,447.0253343761732,728.2452503058788,1225.141224029879,245.51988284856395,243.8818903149012,45.2614047864524,280.0868289065622,1137.1162553669478,240.42569898061154,423.77116090697575,884.0066809765437,57.05282344126598,426.86677994362645,555.0034561041386,1224.1806104732311,428.703144281826,694.9753988629676,712.2928779390592,476.3789856359559,37.58496194062948,44.29852398449004,71.09044787109515,1211.5273830836181,399.9544879267338,635.6087853683815,1189.4838649918252,465.1767657934579,51.32290439315373,714.291707703704,391.5894499448021,358.5596870024061,763.6323165908367,38.537345839511275,142.81329732455183,45.762710960344556,61.5691425087093,48.758126227917735,1281.7257499687253,475.4190493701482,643.4104503481253,1228.2277324912693,39.906514601964524,54.96024042738618,688.2081065996394,685.6906754412727,152.30128706063778,430.82940863873466,270.5393288519703,300.3152907200988,41.64485395164116,434.710370269137,120.86902437951757,724.9696375372446,58.639083743492385,691.0672758364462,124.2489579327165,583.7170308378815,1232.5143202537108,125.66104541999471,253.9612108058269,358.81788131032624,1304.8512251554077,494.456523863251,383.7136240867778,294.3594674674762,41.73759513566574,44.80659488593566,65.23965405277661,58.00818867622385,58.208361173720924,43.47496708002039,486.1638933529498,291.21292505584125,163.56626502779585,355.07394584796754,181.69232735334091,125.75763044200883
sim 0_0_10000_10000_1000 - step_10000.csv,38.77354930663283,535.2189994939026,49.9429045338978,147.134988260676,61.31598491836147,0.0,190.6918987447123,754.9927106159187,570.237044526448,473.1746711254725,178.41921397262288,633.894845578086,182.75049727089038,672.1643629841777,433.7734336580171,449.1236116359502,535.7451928827588,742.5648645825227,719.1787929952552,1218.4229152990176,604.9427992524846,655.3698646045077,75.64260512614207,497.72478468096784,778.8951221056125,1276.1306553682623,252.04466529950713,233.31441264288569,43.564808273640345,267.83405729059456,1186.6080468284367,273.848861611488,476.1803377362708,916.9400201000187,26.477201030587672,478.872823638358,544.0259533895551,1275.6161239042851,444.1391600123202,745.4341249597992,716.3336693355,529.4280899956472,60.93917284368407,50.773087144151674,40.064251267052974,1262.4679669640923,454.69428293708717,621.1548647792355,1240.8464862765402,515.9198448415773,34.614364469331136,737.4269240186591,413.09498679953305,376.5412990535843,749.8286987989998,49.124426293057695,173.97143026204782,37.554315761041906,25.94583331218893,63.033408431763135,1333.845542059464,528.204576138983,653.5690168380568,1279.4678198743775,53.02121428068282,41.22504160725474,706.440607145233,704.1464330802901,160.69832482583868,482.0845144504909,259.2510372207418,308.4122216727834,56.02367375861495,478.25100179061616,156.28312770896193,766.007795912059,29.01288453931042,741.7683830774668,97.0852252104309,635.970575838981,1282.4986560999207,141.67496424552832,244.2576308137403,374.2139394612841,1357.2189669625225,542.4771786394267,434.65188407945675,286.76822245510107,61.991332753714694,41.43128718945513,75.25648500119617,49.914188380722884,42.04295048941589,36.759406918099906,537.8491904423918,290.64611298507214,186.39138872289055,381.06964421822863,186.88989665939133,166.9180851576788
sim 0_0_10000_100_100 - step_10000.csv,196.721798671182,562.516178648743,172.1797740258208,102.32537734249522,179.6609577932858,190.6918987447123,0.0,652.0500657696427,585.1461092540691,384.77425599229076,80.61158491373716,524.5253564707788,153.08670156227092,562.9865390041347,342.0773382073814,463.2717427856975,455.64003824878216,782.5607846123819,538.3014102155792,1248.5741786220924,634.5189402789958,624.3465068634808,238.51049088214074,500.2111664832666,828.1334675626197,1306.3984159313727,190.372544126108,200.3865974759654,162.54985577335995,221.58904385634543,1216.5211369572578,263.43770498097723,489.13093030578483,834.5281126948481,178.2778163357966,465.45398895218443,444.50368764111107,1305.926392468501,366.1461872810537,794.373335234442,667.8065840689674,537.5274404336516,176.31239277551572,167.8259754956924,205.11084672360556,1292.6526346729227,468.3389661101815,519.0938616999164,1271.2370234964856,551.7985483717409,187.3676716231786,557.6840273184492,364.72078973753423,292.9630324613444,644.1068975661557,178.88638075872882,79.15259765404778,184.29938460472425,185.51385659515432,184.13174876109693,1364.6161413410628,525.7737796945806,613.3211159151138,1309.8542863817229,162.10160375392363,190.59458444352362,525.9370882959381,526.2203953978492,46.358333170819506,467.87547431961076,210.6796359102223,281.8802022478425,183.87538562018867,513.023290912556,104.7202812941351,657.2750796086361,188.01574474096367,788.104570653726,242.61015771445184,562.000536134056,1312.3443897053128,86.71613336401882,211.37679515561672,330.0502974843462,1387.81618686616,443.89277114503665,454.45618301057226,236.36026476135586,180.20512798747967,187.06052348459525,147.3094998637074,187.80756956462307,189.74431959321694,201.25679527248712,562.152220722955,259.8550528605432,82.773104730688,278.0913383903035,40.56572275197266,107.72432872446373
sim 0_0_100000_100_0 - step_10000.csv,753.0253104019304,864.8988544334127,739.9462772090177,650.6677320126776,733.5624872635084,754.9927106159187,652.0500657696427,0.0,917.8289712858021,950.3031316782694,633.0524267730435,407.60068035096725,690.373847982061,400.6708603451914,905.5551184626245,579.2020091986999,717.2364298004122,911.6786156409034,773.0150902722361,1037.6045973117116,919.2685364875404,737.0159017682374,815.2423538180369,596.9534484684915,1035.141700697583,1109.2306076677262,523.3399069284819,537.0284396502987,736.8072347486101,545.2733074835079,987.4400916764303,548.2367328946737,590.5690811424917,194.0643756579843,753.2460963957787,576.1960477969479,420.0718346814632,1120.7186415010497,940.112254225659,1023.3663168652363,1219.2306495426537,848.16180174105,736.4234199607362,746.2475217606243,779.0976187917443,1095.2700828725415,609.4145619870598,419.2625587946559,1072.917355178292,957.0370432612157,742.3240082965741,633.6308268932079,933.7982552338856,879.8296869226537,407.34968878833473,723.5407623714896,645.9802887036753,727.1549372049695,755.2476919133837,719.7205447388992,1177.3084256984287,852.5513278560001,1176.6655455357532,1101.2554350352123,740.9622947065478,752.9070259665407,743.9888581857203,791.9723910676806,677.2493682715295,584.6386100786782,539.0790785660765,496.62405446054345,735.7024487680984,603.1567965400523,671.8276598226344,67.23398267172291,753.4394562419618,1003.6094396554015,822.5242454166006,672.0557346175747,1069.2282051377363,651.7104507820596,565.9005066082485,925.2384342685052,1194.274762465243,712.0397220584947,600.3948833654623,526.1573548346937,750.3325515759378,726.7756744615507,719.075685828416,769.8686845868469,767.6525991473496,758.1134939538669,870.5225851168398,545.1341160801778,602.4539518185364,845.5898779373492,648.7209593044452,644.5794988081954
sim 0_0_10000_10000_0 - step_10000.csv,557.7530653508139,88.63533187890839,528.4043808465008,502.0432899081258,518.1366142175223,570.237044526448,585.1461092540691,917.8289712858021,0.0,493.29410689483757,511.27785416195627,915.0076611714511,452.1841882761129,947.815039896063,455.908062108277,426.1483873802725,253.4526614642528,211.4078712109433,738.5702565268492,809.5344345692844,76.17766791193444,212.28169132309742,626.5213618314793,415.34343531437,247.73245954613157,879.9214826242512,507.5722978562117,529.109974607972,543.3727880738642,548.7901329315689,804.1350815641603,428.62622326494164,427.39110043709724,983.5868549605733,563.1264507656806,409.8419897160014,810.9900585301459,860.8722783000418,473.6211589587322,215.51917128152505,659.3609461856331,81.33982402761191,524.2527918947831,531.8660262622196,578.6623697402873,849.2386637239102,388.6559142951183,890.6226209479214,834.4855877605102,73.73012987265358,556.102479690659,878.3820467980263,447.2341221321712,454.0875017198665,1020.8837447354554,533.3750487962031,513.4911829519962,543.2223262329213,572.525831495558,529.117093153647,892.8631548304381,80.26570762785059,556.173435692713,868.6270010232556,531.3989648716623,558.4281689196579,738.7842995002424,708.7369980244631,572.8924853533123,399.00053247349433,532.0121445071051,506.8633115912825,523.5243130214863,440.2710326930746,502.7938688485569,885.8584244453976,566.5730113460284,206.11553503992585,629.3096874262502,265.54364916687047,871.6059245930476,529.2979998247254,526.947719979127,435.81741993554243,914.7138480537708,270.9541654700464,393.1766363705473,540.930349392528,522.5815826523152,535.9032230552558,530.5579190907409,553.5892752159405,565.2181732056798,542.6280628624162,87.95677339758038,502.52840451684625,536.1735479537259,449.30859717324233,580.1379085292439,497.20205381964945
sim 0_0_1000_1000000_10 - step_10000.csv,482.66167964701685,483.1886931649772,451.6950184527997,423.69616594914345,462.3655175507211,473.1746711254725,384.77425599229076,950.3031316782694,493.29410689483757,0.0,403.4373260013404,771.2224640898394,378.296862651222,809.7426279088415,70.95731325638211,689.9708074710777,402.1792797845783,698.4543135636895,401.505636068122,1271.3790553753468,554.6681826367536,561.983200771759,511.2288259285866,661.5658469424619,728.0889640145726,1333.0548913402426,548.7803505685224,558.3260673713179,443.17377243350415,581.1597194400667,1252.6449683513476,607.2216660168261,667.8418181016692,1065.8066457429616,466.10140092559624,643.8825281683015,716.7090054080163,1323.6587496965717,55.323844919639534,694.0689710145454,300.40171234480397,462.61359651358043,458.3833488168313,436.78616648201256,491.30261957225355,1311.910025876859,644.2315610083989,784.2288155224309,1291.578850795023,452.49359800645465,475.2467918763618,605.5429347303997,85.85261331334682,110.75136674926415,885.7078035579784,454.2858480808203,402.3179152585744,478.44888798335865,471.6587076826813,462.6086023606739,1362.764483798131,457.001514080459,256.059563773939,1330.8262975327127,452.6137310280691,479.3670216059882,414.0672554536696,362.3758820074393,380.1524201630375,636.9219006227288,571.1684639182248,642.1590233610162,464.660916857462,746.4515296337439,390.2255537985255,942.0672763894156,471.18645847441996,691.0828297764274,503.8499913788911,522.4578247075484,1333.0317783904063,429.41651369482236,569.8694773605247,119.8880670032297,1387.0491550752547,382.4197167734516,664.2589501815226,596.4825030706905,447.28881165653644,477.721115591382,439.61471647473473,457.5404697340195,471.3085837575406,478.67573920631406,485.36838922342656,622.691448378561,440.09038460907635,141.78228239914964,398.2584392139503,416.83666096105424
sim 0_0_1000_100_100000 - step_10000.csv,178.46212859714888,489.27228207435894,144.93893347607818,48.20317605811947,144.1207901515806,178.41921397262288,80.61158491373716,633.0524267730435,511.27785416195627,403.4373260013404,1.5987211554602254e-14,543.309105982123,90.38421309116028,582.2879313067964,351.30499126514826,392.9407556741776,395.64901997444747,710.0941254546469,568.5365581283227,1180.881171747828,561.6107194717283,552.728480811401,239.0712648921539,428.64519909773685,753.6361341562316,1238.5556133004743,166.62591932680462,173.10938672460549,142.73407526539302,199.97303527706728,1148.8182452224855,215.2931332055336,417.4183336889181,794.947248109506,169.3525559459673,393.9948036495367,454.6624296273582,1237.953823378397,379.2896845933897,719.9443974935216,698.6221644330528,464.68892966791697,146.76786567450262,143.66948571246377,197.79169537485944,1224.772916001426,397.02451227470516,531.8469557777954,1203.3773764406508,476.295361486777,174.5538140616911,596.394213136522,365.1654237169516,302.617766614231,661.8724226272413,144.69128575459277,30.232807444411357,157.24177997853963,173.0797058062821,146.53796621209673,1295.2710116236535,452.7086546332302,635.9756408173757,1242.0025993619497,147.3762224828874,169.0905628519598,558.5021673173486,550.5750286034728,80.80607866784224,396.31035138043717,191.39773183079046,250.50174043192175,152.30418221337018,443.3332377879553,60.93020903036577,624.5636161531133,175.60300260527373,714.1924991504966,241.50791075757206,497.4757926951522,1243.9140580066567,47.593026079965625,184.1262106451165,336.4844580586722,1319.353621675276,395.3303496579637,382.5399659341835,219.5190483685596,151.21675326383544,157.87037523067804,127.20542273497571,169.4368091321491,180.9662069334733,170.61739407896687,488.4653444157684,230.7319670051046,55.347359464999904,274.6045447329259,82.37611081988635,70.5149580689955
sim 0_0_10000_1000_100 - step_10000.csv,649.3644916534669,876.0928850662482,639.8553691667453,559.0348606655647,648.7284056743356,633.894845578086,524.5253564707788,407.60068035096725,915.0076611714511,771.2224640898394,543.309105982123,0.0,616.4451036947985,64.24021553598193,752.4639873912985,664.1681723160877,711.1851729448365,1001.82979133904,540.1478482596772,1312.2200800304681,936.7209864308616,813.5459422570915,686.0392729595925,697.2806382173234,1103.477735859405,1380.5889623457433,426.2357944822988,420.681963323148,633.4470955461466,384.1776775487543,1270.7487281740323,519.5211096122239,692.6695901444183,581.3960017726722,632.3481013418899,661.1200987201099,117.22916317197837,1382.0498258105254,777.9086015567624,1069.8619057223839,1025.023562273982,849.0225483652814,631.2091964785883,656.3362917090583,651.774667191456,1363.5718659481115,687.9268722459537,68.16993697772891,1342.705658589782,936.036545963262,632.855472381512,360.64987159006324,786.235286643979,730.6284832406733,128.04015375434614,642.1063879087499,548.4031607904204,622.5038914222213,631.7187909683053,621.7466216004294,1439.6028652037403,858.8414736056208,1000.4499987767309,1380.7549043903743,634.8242505294526,620.8008855736443,506.7436473483111,573.8263673154515,561.7760405198441,668.7223113574179,398.9822507079389,450.74802395759406,634.0417576276218,699.9120676561832,586.6670002569706,441.64240331576735,650.6563095383403,1062.0430165018884,708.7735055638725,749.4881578744096,1365.9689993267693,537.4031078933385,422.94972695248873,781.3569933882706,1465.1825264831373,687.3026468124385,676.8624097508205,386.9202248395676,670.269338547282,625.0549915121418,603.8440866546953,668.7821394869251,664.852841864219,650.6822080290303,891.361154380859,444.7971484810125,494.3746853265594,705.7131800358686,525.1533088995336,556.7900544738778
sim 0_0_1000_100_1000 - step_10000.csv,181.26320589528083,431.1133375723768,146.5585899241412,70.52872928706181,136.75919264046198,182.75049727089038,153.08670156227092,690.373847982061,452.1841882761129,378.296862651222,90.38421309116028,616.4451036947985,3.552713678800501e-14,656.1188877872793,321.5748789170542,348.880873841969,372.0155041800726,652.6848408679701,590.1856084245312,1129.278138758003,503.7685297920291,507.1570156169223,245.81241109940882,375.5989029706199,691.9989422385522,1186.4780217020527,217.69021640230386,223.8425088580716,147.32276727832794,251.94922770566984,1098.7341492606492,240.44032898915847,366.9703839964888,801.2833723503211,175.847522003031,349.3920860527624,526.1450391511954,1185.3874094137445,350.83439134240786,658.886004144527,672.489769505745,407.323686098569,141.8330038969302,147.46351680466498,200.1949503088371,1172.8904086067078,342.3973334542329,603.716088101814,1150.8304577777017,412.1757095087385,173.2986523429375,632.3745239776856,335.3531601678185,273.48351805324535,734.8281427815264,145.81215897971117,93.12209861134298,155.6721983761595,180.4973450860838,142.95611658559264,1242.9995275322522,397.62552257954655,606.6696555533583,1189.5726908013978,145.29234896980057,170.3904457044618,581.1353709787336,569.0169753726134,132.041451837963,350.7843368876353,241.91521392469565,290.91437071150654,145.66959982083995,413.9221615734665,65.31589205915378,666.1741460621101,180.16728174210476,654.2354826815193,245.5093318307644,472.9417450134835,1193.9644929361814,98.67987081267111,234.25385465029592,305.1381506708567,1265.995376766129,373.92744189017895,336.4560149423,269.0939404045323,145.30572621638518,156.45581451781806,128.16721172847372,170.23939482085433,184.04396826061463,170.77743388560472,430.9067243838702,275.6348747882849,126.76843442845514,243.44609219783277,154.09008040290408,73.74945052977422
sim 0_0_1000_100000_1000000 - step_10000.csv,685.8639379555683,907.9783972268066,677.920480380988,598.6185088026925,685.5563393748862,672.1643629841777,562.9865390041347,400.6708603451914,947.815039896063,809.7426279088415,582.2879313067964,64.24021553598193,656.1188877872793,0.0,794.4937222335614,691.6441608122404,744.403764593943,1029.2740764449486,563.24368413616,1319.9018737489275,966.9788380694229,841.1241621647936,720.7731531002727,723.9654218343189,1131.8011194833593,1389.8399857297184,460.8043651148863,456.25151749002094,670.8108329760383,421.0729989854763,1277.751415247359,548.3177728545568,718.0011358712595,578.6930018704024,670.9524228020894,687.221120480296,144.0502697321685,1391.8941051667691,819.758765063085,1099.2268133087027,1056.3077634904669,882.5776444176543,668.9023064754249,693.7933744613623,688.9851244206994,1372.6864707815766,714.5828154692974,82.76039464139022,1351.481777120238,971.9569983857989,670.8258250787862,378.5961707123967,829.4173642101501,773.1320680935714,88.62984096899643,679.2117077831634,588.7104927852201,660.6781174965893,669.597757987848,659.3338886542573,1449.8506531839516,891.4721874949554,1038.4734726679706,1388.8448593323312,672.782406170384,657.4423528922879,531.1023226741509,600.4731860198056,600.444729770397,696.2480847313258,436.66248297744835,480.7673728471182,671.4502690203761,723.7161912140572,626.2429103402868,441.4511562635086,688.0996263908166,1090.8464420573684,744.7682105165034,777.7639316551737,1372.98176416029,577.0785281253036,458.63961224719844,823.3373360854247,1474.8235752808043,719.9827821199328,704.5306456298524,420.70489714401845,709.224409282156,663.3815722769174,643.1956808044623,706.9088756145978,702.079553655613,688.8902932901107,922.077269835086,474.5847199857564,533.6274047916396,748.4693047113165,562.8009192401428,595.4400940791695
sim 0_0_10000_1000000_10 - step_10000.csv,443.9214195755931,441.0389404534899,405.610114108727,369.67825318865266,413.8045430537436,433.7734336580171,342.0773382073814,905.5551184626245,455.908062108277,70.95731325638211,351.30499126514826,752.4639873912985,321.5748789170542,794.4937222335614,0.0,621.3366490778518,353.9819659778612,660.9635477911005,411.3117400720653,1220.5391807654237,515.3962185717271,517.0422104915651,479.2823338297845,592.5083462502755,691.9741108563214,1280.7261932354186,494.47882815468296,502.43706622198533,398.2674972241821,529.8819975074249,1199.001587074055,543.5578113204499,599.7752460523035,1014.1522347826556,425.85851336277,575.7447615208971,690.1831635436515,1272.831862056079,48.32353070392504,658.0348991736123,363.86147708723547,420.4108714103072,410.41655052040505,396.4646100894382,453.8280046551266,1261.7148885003562,575.5084684348541,760.8116893094718,1240.5992912036788,414.0721379270313,430.0291177466497,608.7956057758056,55.68904436449808,60.846033306063845,871.9275450217714,408.8602240194168,349.1432805954154,428.4092515416511,434.9941107114288,412.4801766164004,1315.212528415219,410.56562581970223,296.0776015273129,1280.3468809870424,407.9083760720934,432.72498638755343,427.0716870184681,374.75415677557197,337.7717110311597,568.4110653357761,517.3774710794054,584.751781636888,413.6434667713043,676.4868716717862,337.535073646626,895.2471996677743,433.804131567495,654.9038463437012,472.81468118656215,474.6745353082224,1283.1792585290784,378.934817422144,514.9139843490109,81.47342633231298,1340.4107770806586,328.55383290130345,595.1558772184021,542.143783992755,402.8782425238102,429.0731241027386,390.2212070342663,418.32981351328476,435.0628801744973,434.5325847201191,441.5642164457415,564.901848588582,390.0710186544991,80.45490676611664,354.0807534974793,368.79634166991735
sim 0_0_10000_10_100000 - step_10000.csv,430.86128628366436,355.0369743234395,410.95900208570487,384.79976096759015,397.04690475112227,449.1236116359502,463.2717427856975,579.2020091986999,426.1483873802725,689.9708074710777,392.9407556741776,664.1681723160877,348.880873841969,691.6441608122404,621.3366490778518,0.0,306.24491143221667,366.4589124793464,744.3762671443827,793.8402040803885,396.7042985776768,288.28779588602055,506.0521421560885,70.68709459223615,487.9223737860688,851.3151511466023,354.41352038755343,374.56462430088186,425.9712407026825,392.5155288482061,762.3364592849404,230.19099636199127,72.40541508793387,634.6854416663286,444.94240198198673,75.4497034948952,566.5588621262223,850.2569294945115,659.0882962628503,460.2621394868249,982.2878359166002,363.7869839227263,405.7404215164385,417.681816062976,457.59307079626853,837.2070900334066,59.66364093845588,635.5088774879594,815.9696195379748,469.92094116508974,432.1916157417941,728.3194273932576,635.8283874355735,585.0553041864222,755.4128420285085,411.31533670544485,397.3161011662701,421.7608885216068,452.1183686336919,411.3310966219225,906.6875218335525,374.10766157179637,904.5129378404664,854.9156185132116,419.76270719235816,438.8964192121294,726.6363551130385,728.8146624427793,455.6719752093812,71.09468413813212,376.17797820928183,261.6248696839003,407.6378562922984,102.6194690460412,387.5884910342485,536.3074905342638,443.8639176609279,449.5152030756041,506.77623546673624,280.8759090169643,856.6978932919502,413.59245774591466,378.5637382948463,607.3243822707213,930.9507916442133,318.73069053493987,45.190518278400376,376.16540329734005,406.08209833506663,412.68988216053896,415.36590455700184,437.6103031855927,442.5533782014849,424.0691038214994,359.4872377487997,310.19593591948046,409.780966067506,549.5053335662365,456.00542260994166,382.8373783443556
sim 0_0_100000_10_100 - step_10000.csv,527.6507879167691,228.84919759700801,495.0035431971314,414.3561312750229,486.5674761577335,535.7451928827588,455.64003824878216,717.2364298004122,253.4526614642528,402.1792797845783,395.64901997444747,711.1851729448365,372.0155041800726,744.403764593943,353.9819659778612,306.24491143221667,0.0,353.4839775828581,559.4272849492493,911.1217451064787,280.74868140873815,209.695533292464,600.8069037542623,279.24591012403323,440.498107901294,971.4527392211878,382.4756769057075,409.99203414038334,504.3225318997324,420.36400341197947,890.1168770006058,331.33540676940777,287.733295666805,801.0755017403242,529.9983530783725,260.5449123135228,609.4045065897989,963.9617836224616,385.87200749348506,404.4636416666045,678.4816885897462,207.6875877692822,490.2463022289101,497.93665003160356,553.8300321785332,952.2962814180634,267.10285699294866,688.2483587836349,930.884075645872,304.33189912201846,526.7237999472097,682.2844672220214,349.06948497892233,334.70679295617134,818.5519403327389,501.0734163087565,403.41524128453085,509.60178220016564,533.7845439665762,497.063251734346,1003.4726299253076,218.5915110975157,604.0659388195546,971.0122002052047,497.1536636601037,525.601895991464,557.6639654662636,531.9487220281696,459.7387670934524,253.59233975509713,402.0464358137062,381.1621192092357,495.0459899745734,368.74913510513727,418.27932859148433,686.6266984429589,531.8089434889832,394.95660662831864,605.9056818372022,165.7063005409878,971.7182258308496,429.19725516714504,422.4138030637523,342.5350255819373,1027.9326079833208,46.918833850813705,288.10994897125295,412.26060821821335,498.02261325640836,503.82788771081727,483.0929305994539,527.7580592607203,537.0102319400148,516.102627969122,234.96783710023863,386.2399936422762,408.366084517444,334.5273038886063,456.4818300941798,403.47890862019005
sim 0_0_100000_0_0 - step_10000.csv,726.4713336319024,224.29760463147886,711.0273200928048,701.8932298932048,691.8282381940459,742.5648645825227,782.5607846123819,911.6786156409034,211.4078712109433,698.4543135636895,710.0941254546469,1001.82979133904,652.6848408679701,1029.2740764449486,660.9635477911005,366.4589124793464,353.4839775828581,0.0,885.0060095482676,634.8816078548604,179.23758041713427,206.49628102638212,786.9195614224152,335.76581425300344,133.85764573106036,706.8843509261068,681.3931581255357,703.7409774088642,727.5834140638642,721.3194289435544,630.8803809942737,551.3071904059866,353.82542309361963,953.4485649857356,738.0999855615362,377.56605876381076,904.2870207306737,686.8501376555828,678.827777238116,141.84929651816236,833.5916057746405,247.01585482315562,707.7881184361363,712.5389277747887,742.4181170023986,675.5066529370093,346.7344367065468,972.9531640075398,661.5027571015569,261.0162524195451,726.2805773101135,994.65730809901,651.6045302014231,659.0361684693409,1092.147676881475,711.0460022071147,712.8439231757247,721.5662762764952,746.0685657751213,718.3010997469513,717.069508589523,261.99055089254387,729.6216550870782,694.2051697826381,718.8864945153923,737.9684082013409,881.4569506608224,859.6428534119316,772.4940661567773,363.8750309912572,703.9893776348289,589.5072171472729,711.5257452715414,332.7205476788939,702.5985340819491,869.0687694501186,736.102187120389,130.43959820656784,784.1676292510799,278.50350181445316,696.1854672648576,729.1898458139772,703.556150323979,640.6697662474596,737.2344316724638,379.3644250897707,351.00815948511115,705.4140356837235,696.5004542084101,713.477614542583,721.8954241063118,721.9643843120579,732.6753918889847,712.9867630855575,226.02978676053928,634.1933564725673,731.0178437255449,653.50248427674,776.2455556680269,697.1638496429111
sim 0_0_10000_100_10 - step_10000.csv,725.9579132264191,712.8790913431077,697.6735392671834,602.9800158388205,700.356147475317,719.1787929952552,538.3014102155792,773.0150902722361,738.5702565268492,401.505636068122,568.5365581283227,540.1478482596772,590.1856084245312,563.24368413616,411.3117400720653,744.3762671443827,559.4272849492493,885.0060095482676,0.0,1339.5607688961575,784.0955229587918,704.4911737763052,755.1334506023533,723.7384450708371,969.8267062848438,1403.605195797134,561.7052083120668,573.3757962103914,689.0372057596651,583.0435883358292,1310.6288916155243,670.1514628779469,724.3297556276804,915.1077869853018,706.5512989332789,684.7202779224609,530.2223834509753,1400.926877366616,427.9310912554569,935.9831755936328,544.4026774050337,679.1055009044527,694.2264134868686,686.9293999048215,737.9047531842909,1385.9396419586299,717.2607131671807,574.3725220020032,1364.5285290244099,737.8140687362772,712.8161935176792,240.14264444230534,453.7369003055731,429.1533140460062,620.4772345740716,700.9251580014169,571.1172721933665,708.9437227401739,713.7466172884928,705.9237971830322,1442.6082461816363,689.7777026175049,574.4672838432086,1405.5153472740974,687.7458637304712,717.416442473783,47.39545592014355,54.82432462857952,568.3921158378573,683.2915664219928,576.832275935351,642.5630859036826,706.2403150341322,812.7966118288986,593.3038119920253,777.8362262620196,719.4645606969998,925.6440162314784,752.2932427415186,634.8865441426508,1396.6269388808523,595.1316467640619,595.2483025855865,475.0337431343249,1473.0478694498336,537.9376355884355,741.9012847211989,589.2404926607741,698.7216717152195,711.3574389448958,669.1437688443089,714.3177220153814,720.1068277722849,721.387502709948,723.8256408330495,653.8524287668125,560.9604927712029,419.85040831565436,543.3641453459866,591.1642690267488
